2024-06-04T00:00:06.493Z,false,2024-06-03T23:59:55.058Z,2024-06-03T23:59:55.058Z,Good (0x00000000)
2024-06-04T00:01:04.727Z,false,2024-06-04T00:00:53.291Z,2024-06-04T00:00:53.291Z,Good (0x00000000)
2024-06-04T00:02:04.072Z,false,2024-06-04T00:01:52.640Z,2024-06-04T00:01:52.640Z,Good (0x00000000)
2024-06-04T00:03:03.851Z,false,2024-06-04T00:02:52.419Z,2024-06-04T00:02:52.419Z,Good (0x00000000)
2024-06-04T00:04:04.420Z,false,2024-06-04T00:03:52.982Z,2024-06-04T00:03:52.982Z,Good (0x00000000)
2024-06-04T00:05:04.320Z,false,2024-06-04T00:04:52.883Z,2024-06-04T00:04:52.883Z,Good (0x00000000)
2024-06-04T00:06:05.122Z,false,2024-06-04T00:05:53.702Z,2024-06-04T00:05:53.702Z,Good (0x00000000)
2024-06-04T00:07:04.085Z,false,2024-06-04T00:06:52.648Z,2024-06-04T00:06:52.648Z,Good (0x00000000)
2024-06-04T00:08:04.599Z,false,2024-06-04T00:07:53.164Z,2024-06-04T00:07:53.164Z,Good (0x00000000)
2024-06-04T00:09:04.489Z,false,2024-06-04T00:08:53.054Z,2024-06-04T00:08:53.054Z,Good (0x00000000)
2024-06-04T00:10:04.487Z,false,2024-06-04T00:09:53.053Z,2024-06-04T00:09:53.053Z,Good (0x00000000)
2024-06-04T00:11:04.598Z,false,2024-06-04T00:10:53.161Z,2024-06-04T00:10:53.161Z,Good (0x00000000)
2024-06-04T00:12:04.088Z,false,2024-06-04T00:11:52.650Z,2024-06-04T00:11:52.650Z,Good (0x00000000)
2024-06-04T00:13:04.468Z,false,2024-06-04T00:12:53.030Z,2024-06-04T00:12:53.030Z,Good (0x00000000)
2024-06-04T00:14:05.355Z,false,2024-06-04T00:13:53.918Z,2024-06-04T00:13:53.917Z,Good (0x00000000)
2024-06-04T00:15:04.481Z,false,2024-06-04T00:14:53.048Z,2024-06-04T00:14:53.048Z,Good (0x00000000)
2024-06-04T00:16:04.196Z,false,2024-06-04T00:15:52.755Z,2024-06-04T00:15:52.755Z,Good (0x00000000)
2024-06-04T00:17:04.693Z,false,2024-06-04T00:16:53.256Z,2024-06-04T00:16:53.256Z,Good (0x00000000)
2024-06-04T00:18:04.353Z,false,2024-06-04T00:17:52.912Z,2024-06-04T00:17:52.912Z,Good (0x00000000)
2024-06-04T00:19:04.377Z,false,2024-06-04T00:18:52.935Z,2024-06-04T00:18:52.935Z,Good (0x00000000)
2024-06-04T00:20:04.470Z,false,2024-06-04T00:19:53.031Z,2024-06-04T00:19:53.031Z,Good (0x00000000)
2024-06-04T00:21:04.392Z,false,2024-06-04T00:20:52.950Z,2024-06-04T00:20:52.950Z,Good (0x00000000)
2024-06-04T00:22:04.648Z,false,2024-06-04T00:21:53.206Z,2024-06-04T00:21:53.206Z,Good (0x00000000)
2024-06-04T00:23:04.497Z,false,2024-06-04T00:22:53.055Z,2024-06-04T00:22:53.055Z,Good (0x00000000)
2024-06-04T00:24:04.541Z,false,2024-06-04T00:23:53.101Z,2024-06-04T00:23:53.101Z,Good (0x00000000)
2024-06-04T00:25:04.306Z,false,2024-06-04T00:24:52.866Z,2024-06-04T00:24:52.866Z,Good (0x00000000)
2024-06-04T00:26:04.822Z,false,2024-06-04T00:25:53.379Z,2024-06-04T00:25:53.379Z,Good (0x00000000)
2024-06-04T00:27:03.845Z,false,2024-06-04T00:26:52.409Z,2024-06-04T00:26:52.409Z,Good (0x00000000)
2024-06-04T00:28:04.664Z,false,2024-06-04T00:27:53.229Z,2024-06-04T00:27:53.229Z,Good (0x00000000)
2024-06-04T00:29:04.386Z,false,2024-06-04T00:28:52.944Z,2024-06-04T00:28:52.944Z,Good (0x00000000)
2024-06-04T00:30:04.700Z,false,2024-06-04T00:29:53.256Z,2024-06-04T00:29:53.256Z,Good (0x00000000)
2024-06-04T00:31:04.865Z,false,2024-06-04T00:30:53.420Z,2024-06-04T00:30:53.420Z,Good (0x00000000)
2024-06-04T00:32:04.517Z,false,2024-06-04T00:31:53.073Z,2024-06-04T00:31:53.073Z,Good (0x00000000)
2024-06-04T00:33:04.021Z,false,2024-06-04T00:32:52.576Z,2024-06-04T00:32:52.576Z,Good (0x00000000)
2024-06-04T00:34:04.494Z,false,2024-06-04T00:33:53.050Z,2024-06-04T00:33:53.050Z,Good (0x00000000)
2024-06-04T00:35:04.195Z,false,2024-06-04T00:34:52.752Z,2024-06-04T00:34:52.752Z,Good (0x00000000)
2024-06-04T00:36:04.606Z,false,2024-06-04T00:35:53.161Z,2024-06-04T00:35:53.160Z,Good (0x00000000)
2024-06-04T00:37:04.651Z,false,2024-06-04T00:36:53.213Z,2024-06-04T00:36:53.213Z,Good (0x00000000)
2024-06-04T00:38:04.322Z,false,2024-06-04T00:37:52.883Z,2024-06-04T00:37:52.883Z,Good (0x00000000)
2024-06-04T00:39:04.399Z,false,2024-06-04T00:38:52.954Z,2024-06-04T00:38:52.953Z,Good (0x00000000)
2024-06-04T00:40:04.723Z,false,2024-06-04T00:39:53.276Z,2024-06-04T00:39:53.276Z,Good (0x00000000)
2024-06-04T00:41:05.356Z,false,2024-06-04T00:40:53.908Z,2024-06-04T00:40:53.908Z,Good (0x00000000)
2024-06-04T00:42:04.508Z,false,2024-06-04T00:41:53.062Z,2024-06-04T00:41:53.062Z,Good (0x00000000)
2024-06-04T00:43:04.411Z,false,2024-06-04T00:42:52.967Z,2024-06-04T00:42:52.967Z,Good (0x00000000)
2024-06-04T00:44:04.126Z,false,2024-06-04T00:43:52.679Z,2024-06-04T00:43:52.679Z,Good (0x00000000)
2024-06-04T00:45:04.295Z,false,2024-06-04T00:44:52.850Z,2024-06-04T00:44:52.850Z,Good (0x00000000)
2024-06-04T00:46:04.257Z,false,2024-06-04T00:45:52.817Z,2024-06-04T00:45:52.817Z,Good (0x00000000)
2024-06-04T00:47:04.311Z,false,2024-06-04T00:46:52.866Z,2024-06-04T00:46:52.866Z,Good (0x00000000)
2024-06-04T00:48:04.417Z,false,2024-06-04T00:47:52.970Z,2024-06-04T00:47:52.970Z,Good (0x00000000)
2024-06-04T00:49:04.016Z,false,2024-06-04T00:48:52.575Z,2024-06-04T00:48:52.575Z,Good (0x00000000)
2024-06-04T00:50:04.725Z,false,2024-06-04T00:49:53.275Z,2024-06-04T00:49:53.275Z,Good (0x00000000)
2024-06-04T00:51:03.729Z,false,2024-06-04T00:50:52.282Z,2024-06-04T00:50:52.282Z,Good (0x00000000)
2024-06-04T00:52:04.771Z,false,2024-06-04T00:51:53.322Z,2024-06-04T00:51:53.321Z,Good (0x00000000)
2024-06-04T00:53:04.582Z,false,2024-06-04T00:52:53.142Z,2024-06-04T00:52:53.142Z,Good (0x00000000)
2024-06-04T00:54:03.766Z,false,2024-06-04T00:53:52.323Z,2024-06-04T00:53:52.323Z,Good (0x00000000)
2024-06-04T00:55:04.098Z,false,2024-06-04T00:54:52.651Z,2024-06-04T00:54:52.651Z,Good (0x00000000)
2024-06-04T00:56:04.329Z,false,2024-06-04T00:55:52.888Z,2024-06-04T00:55:52.888Z,Good (0x00000000)
2024-06-04T00:57:04.505Z,false,2024-06-04T00:56:53.054Z,2024-06-04T00:56:53.054Z,Good (0x00000000)
2024-06-04T00:58:04.508Z,false,2024-06-04T00:57:53.058Z,2024-06-04T00:57:53.057Z,Good (0x00000000)
2024-06-04T00:59:04.416Z,false,2024-06-04T00:58:52.965Z,2024-06-04T00:58:52.965Z,Good (0x00000000)
2024-06-04T01:00:05.647Z,false,2024-06-04T00:59:54.197Z,2024-06-04T00:59:54.197Z,Good (0x00000000)
2024-06-04T01:01:04.301Z,false,2024-06-04T01:00:52.854Z,2024-06-04T01:00:52.854Z,Good (0x00000000)
2024-06-04T01:02:04.478Z,false,2024-06-04T01:01:53.028Z,2024-06-04T01:01:53.028Z,Good (0x00000000)
2024-06-04T01:03:04.391Z,false,2024-06-04T01:02:52.942Z,2024-06-04T01:02:52.942Z,Good (0x00000000)
2024-06-04T01:04:03.841Z,false,2024-06-04T01:03:52.391Z,2024-06-04T01:03:52.391Z,Good (0x00000000)
2024-06-04T01:05:11.283Z,false,2024-06-04T01:04:59.854Z,2024-06-04T01:04:59.854Z,Good (0x00000000)
2024-06-04T01:06:04.783Z,false,2024-06-04T01:05:53.330Z,2024-06-04T01:05:53.330Z,Good (0x00000000)
2024-06-04T01:07:04.434Z,false,2024-06-04T01:06:52.981Z,2024-06-04T01:06:52.981Z,Good (0x00000000)
2024-06-04T01:08:04.025Z,false,2024-06-04T01:07:52.575Z,2024-06-04T01:07:52.575Z,Good (0x00000000)
2024-06-04T01:09:04.497Z,false,2024-06-04T01:08:53.045Z,2024-06-04T01:08:53.045Z,Good (0x00000000)
2024-06-04T01:10:04.881Z,false,2024-06-04T01:09:53.429Z,2024-06-04T01:09:53.429Z,Good (0x00000000)
2024-06-04T01:11:04.453Z,false,2024-06-04T01:10:52.999Z,2024-06-04T01:10:52.999Z,Good (0x00000000)
2024-06-04T01:12:04.300Z,false,2024-06-04T01:11:52.847Z,2024-06-04T01:11:52.847Z,Good (0x00000000)
2024-06-04T01:13:04.873Z,false,2024-06-04T01:12:53.420Z,2024-06-04T01:12:53.420Z,Good (0x00000000)
2024-06-04T01:14:04.655Z,false,2024-06-04T01:13:53.200Z,2024-06-04T01:13:53.200Z,Good (0x00000000)
2024-06-04T01:15:04.554Z,false,2024-06-04T01:14:53.100Z,2024-06-04T01:14:53.100Z,Good (0x00000000)
2024-06-04T01:16:04.137Z,false,2024-06-04T01:15:52.681Z,2024-06-04T01:15:52.681Z,Good (0x00000000)
2024-06-04T01:17:04.797Z,false,2024-06-04T01:16:53.341Z,2024-06-04T01:16:53.341Z,Good (0x00000000)
2024-06-04T01:18:04.160Z,false,2024-06-04T01:17:52.703Z,2024-06-04T01:17:52.703Z,Good (0x00000000)
2024-06-04T01:19:04.131Z,false,2024-06-04T01:18:52.674Z,2024-06-04T01:18:52.674Z,Good (0x00000000)
2024-06-04T01:20:04.576Z,false,2024-06-04T01:19:53.128Z,2024-06-04T01:19:53.127Z,Good (0x00000000)
2024-06-04T01:21:03.894Z,false,2024-06-04T01:20:52.437Z,2024-06-04T01:20:52.437Z,Good (0x00000000)
2024-06-04T01:22:04.382Z,false,2024-06-04T01:21:52.925Z,2024-06-04T01:21:52.925Z,Good (0x00000000)
2024-06-04T01:23:03.864Z,false,2024-06-04T01:22:52.408Z,2024-06-04T01:22:52.408Z,Good (0x00000000)
2024-06-04T01:24:04.478Z,false,2024-06-04T01:23:53.021Z,2024-06-04T01:23:53.021Z,Good (0x00000000)
2024-06-04T01:25:04.500Z,false,2024-06-04T01:24:53.043Z,2024-06-04T01:24:53.043Z,Good (0x00000000)
2024-06-04T01:26:04.700Z,false,2024-06-04T01:25:53.245Z,2024-06-04T01:25:53.245Z,Good (0x00000000)
2024-06-04T01:27:04.680Z,false,2024-06-04T01:26:53.226Z,2024-06-04T01:26:53.226Z,Good (0x00000000)
2024-06-04T01:28:04.288Z,false,2024-06-04T01:27:52.830Z,2024-06-04T01:27:52.830Z,Good (0x00000000)
2024-06-04T01:29:04.026Z,false,2024-06-04T01:28:52.573Z,2024-06-04T01:28:52.573Z,Good (0x00000000)
2024-06-04T01:30:04.196Z,false,2024-06-04T01:29:52.738Z,2024-06-04T01:29:52.738Z,Good (0x00000000)
2024-06-04T01:31:04.276Z,false,2024-06-04T01:30:52.826Z,2024-06-04T01:30:52.826Z,Good (0x00000000)
2024-06-04T01:32:04.562Z,false,2024-06-04T01:31:53.101Z,2024-06-04T01:31:53.101Z,Good (0x00000000)
2024-06-04T01:33:04.725Z,false,2024-06-04T01:32:53.267Z,2024-06-04T01:32:53.267Z,Good (0x00000000)
2024-06-04T01:34:04.401Z,false,2024-06-04T01:33:52.943Z,2024-06-04T01:33:52.943Z,Good (0x00000000)
2024-06-04T01:35:04.639Z,false,2024-06-04T01:34:53.179Z,2024-06-04T01:34:53.179Z,Good (0x00000000)
2024-06-04T01:36:03.959Z,false,2024-06-04T01:35:52.500Z,2024-06-04T01:35:52.500Z,Good (0x00000000)
2024-06-04T01:37:04.230Z,false,2024-06-04T01:36:52.768Z,2024-06-04T01:36:52.768Z,Good (0x00000000)
2024-06-04T01:38:04.042Z,false,2024-06-04T01:37:52.585Z,2024-06-04T01:37:52.585Z,Good (0x00000000)
2024-06-04T01:39:04.404Z,false,2024-06-04T01:38:52.949Z,2024-06-04T01:38:52.949Z,Good (0x00000000)
2024-06-04T01:40:04.899Z,false,2024-06-04T01:39:53.438Z,2024-06-04T01:39:53.438Z,Good (0x00000000)
2024-06-04T01:41:04.220Z,false,2024-06-04T01:40:52.763Z,2024-06-04T01:40:52.763Z,Good (0x00000000)
2024-06-04T01:42:04.661Z,false,2024-06-04T01:41:53.199Z,2024-06-04T01:41:53.199Z,Good (0x00000000)
2024-06-04T01:43:04.024Z,false,2024-06-04T01:42:52.563Z,2024-06-04T01:42:52.562Z,Good (0x00000000)
2024-06-04T01:44:04.583Z,false,2024-06-04T01:43:53.121Z,2024-06-04T01:43:53.121Z,Good (0x00000000)
2024-06-04T01:45:04.511Z,false,2024-06-04T01:44:53.062Z,2024-06-04T01:44:53.062Z,Good (0x00000000)
2024-06-04T01:46:03.908Z,false,2024-06-04T01:45:52.451Z,2024-06-04T01:45:52.451Z,Good (0x00000000)
2024-06-04T01:47:04.679Z,false,2024-06-04T01:46:53.217Z,2024-06-04T01:46:53.217Z,Good (0x00000000)
2024-06-04T01:48:04.191Z,false,2024-06-04T01:47:52.728Z,2024-06-04T01:47:52.728Z,Good (0x00000000)
2024-06-04T01:49:04.455Z,false,2024-06-04T01:48:52.991Z,2024-06-04T01:48:52.991Z,Good (0x00000000)
2024-06-04T01:50:04.912Z,false,2024-06-04T01:49:53.447Z,2024-06-04T01:49:53.447Z,Good (0x00000000)
2024-06-04T01:51:03.859Z,false,2024-06-04T01:50:52.394Z,2024-06-04T01:50:52.394Z,Good (0x00000000)
2024-06-04T01:52:04.958Z,false,2024-06-04T01:51:53.496Z,2024-06-04T01:51:53.496Z,Good (0x00000000)
2024-06-04T01:53:03.854Z,false,2024-06-04T01:52:52.389Z,2024-06-04T01:52:52.389Z,Good (0x00000000)
2024-06-04T01:54:04.704Z,false,2024-06-04T01:53:53.244Z,2024-06-04T01:53:53.244Z,Good (0x00000000)
2024-06-04T01:55:04.437Z,false,2024-06-04T01:54:52.973Z,2024-06-04T01:54:52.973Z,Good (0x00000000)
2024-06-04T01:56:03.960Z,false,2024-06-04T01:55:52.493Z,2024-06-04T01:55:52.493Z,Good (0x00000000)
2024-06-04T01:57:04.220Z,false,2024-06-04T01:56:52.753Z,2024-06-04T01:56:52.753Z,Good (0x00000000)
2024-06-04T01:58:03.716Z,false,2024-06-04T01:57:52.249Z,2024-06-04T01:57:52.249Z,Good (0x00000000)
2024-06-04T01:59:03.982Z,false,2024-06-04T01:58:52.517Z,2024-06-04T01:58:52.517Z,Good (0x00000000)
2024-06-04T02:00:06.053Z,false,2024-06-04T01:59:54.605Z,2024-06-04T01:59:54.605Z,Good (0x00000000)
2024-06-04T02:01:04.195Z,false,2024-06-04T02:00:52.726Z,2024-06-04T02:00:52.726Z,Good (0x00000000)
2024-06-04T02:02:04.135Z,false,2024-06-04T02:01:52.678Z,2024-06-04T02:01:52.678Z,Good (0x00000000)
2024-06-04T02:03:04.357Z,false,2024-06-04T02:02:52.889Z,2024-06-04T02:02:52.889Z,Good (0x00000000)
2024-06-04T02:04:04.215Z,false,2024-06-04T02:03:52.749Z,2024-06-04T02:03:52.749Z,Good (0x00000000)
2024-06-04T02:05:04.752Z,false,2024-06-04T02:04:53.284Z,2024-06-04T02:04:53.284Z,Good (0x00000000)
2024-06-04T02:06:04.771Z,false,2024-06-04T02:05:53.304Z,2024-06-04T02:05:53.304Z,Good (0x00000000)
2024-06-04T02:07:04.280Z,false,2024-06-04T02:06:52.813Z,2024-06-04T02:06:52.813Z,Good (0x00000000)
2024-06-04T02:08:04.134Z,false,2024-06-04T02:07:52.664Z,2024-06-04T02:07:52.664Z,Good (0x00000000)
2024-06-04T02:09:04.147Z,false,2024-06-04T02:08:52.677Z,2024-06-04T02:08:52.677Z,Good (0x00000000)
2024-06-04T02:10:04.324Z,false,2024-06-04T02:09:52.858Z,2024-06-04T02:09:52.858Z,Good (0x00000000)
2024-06-04T02:11:04.225Z,false,2024-06-04T02:10:52.755Z,2024-06-04T02:10:52.755Z,Good (0x00000000)
2024-06-04T02:12:04.421Z,false,2024-06-04T02:11:52.952Z,2024-06-04T02:11:52.952Z,Good (0x00000000)
2024-06-04T02:13:04.640Z,false,2024-06-04T02:12:53.169Z,2024-06-04T02:12:53.169Z,Good (0x00000000)
2024-06-04T02:14:04.421Z,false,2024-06-04T02:13:52.951Z,2024-06-04T02:13:52.951Z,Good (0x00000000)
2024-06-04T02:15:04.837Z,false,2024-06-04T02:14:53.368Z,2024-06-04T02:14:53.368Z,Good (0x00000000)
2024-06-04T02:16:03.907Z,false,2024-06-04T02:15:52.440Z,2024-06-04T02:15:52.440Z,Good (0x00000000)
2024-06-04T02:17:04.481Z,false,2024-06-04T02:16:53.014Z,2024-06-04T02:16:53.014Z,Good (0x00000000)
2024-06-04T02:18:04.292Z,false,2024-06-04T02:17:52.822Z,2024-06-04T02:17:52.822Z,Good (0x00000000)
2024-06-04T02:19:04.101Z,false,2024-06-04T02:18:52.632Z,2024-06-04T02:18:52.631Z,Good (0x00000000)
2024-06-04T02:20:04.924Z,false,2024-06-04T02:19:53.453Z,2024-06-04T02:19:53.453Z,Good (0x00000000)
2024-06-04T02:21:03.942Z,false,2024-06-04T02:20:52.469Z,2024-06-04T02:20:52.469Z,Good (0x00000000)
2024-06-04T02:22:04.520Z,false,2024-06-04T02:21:53.055Z,2024-06-04T02:21:53.055Z,Good (0x00000000)
2024-06-04T02:23:04.527Z,false,2024-06-04T02:22:53.054Z,2024-06-04T02:22:53.054Z,Good (0x00000000)
2024-06-04T02:24:04.142Z,false,2024-06-04T02:23:52.669Z,2024-06-04T02:23:52.669Z,Good (0x00000000)
2024-06-04T02:25:04.367Z,false,2024-06-04T02:24:52.893Z,2024-06-04T02:24:52.893Z,Good (0x00000000)
2024-06-04T02:26:04.574Z,false,2024-06-04T02:25:53.103Z,2024-06-04T02:25:53.103Z,Good (0x00000000)
2024-06-04T02:27:04.535Z,false,2024-06-04T02:26:53.061Z,2024-06-04T02:26:53.061Z,Good (0x00000000)
2024-06-04T02:28:04.406Z,false,2024-06-04T02:27:52.932Z,2024-06-04T02:27:52.932Z,Good (0x00000000)
2024-06-04T02:29:04.187Z,false,2024-06-04T02:28:52.713Z,2024-06-04T02:28:52.713Z,Good (0x00000000)
2024-06-04T02:30:04.688Z,false,2024-06-04T02:29:53.212Z,2024-06-04T02:29:53.212Z,Good (0x00000000)
2024-06-04T02:31:04.371Z,false,2024-06-04T02:30:52.899Z,2024-06-04T02:30:52.899Z,Good (0x00000000)
2024-06-04T02:32:03.996Z,false,2024-06-04T02:31:52.522Z,2024-06-04T02:31:52.522Z,Good (0x00000000)
2024-06-04T02:33:04.539Z,false,2024-06-04T02:32:53.065Z,2024-06-04T02:32:53.065Z,Good (0x00000000)
2024-06-04T02:34:03.885Z,false,2024-06-04T02:33:52.410Z,2024-06-04T02:33:52.410Z,Good (0x00000000)
2024-06-04T02:35:04.112Z,false,2024-06-04T02:34:52.635Z,2024-06-04T02:34:52.635Z,Good (0x00000000)
2024-06-04T02:36:03.953Z,false,2024-06-04T02:35:52.476Z,2024-06-04T02:35:52.476Z,Good (0x00000000)
2024-06-04T02:37:04.858Z,false,2024-06-04T02:36:53.383Z,2024-06-04T02:36:53.383Z,Good (0x00000000)
2024-06-04T02:38:04.553Z,false,2024-06-04T02:37:53.083Z,2024-06-04T02:37:53.083Z,Good (0x00000000)
2024-06-04T02:39:04.790Z,false,2024-06-04T02:38:53.323Z,2024-06-04T02:38:53.323Z,Good (0x00000000)
2024-06-04T02:40:04.556Z,false,2024-06-04T02:39:53.078Z,2024-06-04T02:39:53.078Z,Good (0x00000000)
2024-06-04T02:41:04.177Z,false,2024-06-04T02:40:52.698Z,2024-06-04T02:40:52.698Z,Good (0x00000000)
2024-06-04T02:42:04.639Z,false,2024-06-04T02:41:53.164Z,2024-06-04T02:41:53.164Z,Good (0x00000000)
2024-06-04T02:43:04.593Z,false,2024-06-04T02:42:53.115Z,2024-06-04T02:42:53.115Z,Good (0x00000000)
2024-06-04T02:44:04.557Z,false,2024-06-04T02:43:53.079Z,2024-06-04T02:43:53.079Z,Good (0x00000000)
2024-06-04T02:45:04.123Z,false,2024-06-04T02:44:52.646Z,2024-06-04T02:44:52.646Z,Good (0x00000000)
2024-06-04T02:46:04.200Z,false,2024-06-04T02:45:52.721Z,2024-06-04T02:45:52.721Z,Good (0x00000000)
2024-06-04T02:47:04.613Z,false,2024-06-04T02:46:53.135Z,2024-06-04T02:46:53.135Z,Good (0x00000000)
2024-06-04T02:48:04.680Z,false,2024-06-04T02:47:53.206Z,2024-06-04T02:47:53.206Z,Good (0x00000000)
2024-06-04T02:49:04.277Z,false,2024-06-04T02:48:52.798Z,2024-06-04T02:48:52.798Z,Good (0x00000000)
2024-06-04T02:50:04.109Z,false,2024-06-04T02:49:52.631Z,2024-06-04T02:49:52.631Z,Good (0x00000000)
2024-06-04T02:51:04.030Z,false,2024-06-04T02:50:52.550Z,2024-06-04T02:50:52.550Z,Good (0x00000000)
2024-06-04T02:52:04.770Z,false,2024-06-04T02:51:53.288Z,2024-06-04T02:51:53.288Z,Good (0x00000000)
2024-06-04T02:53:04.461Z,false,2024-06-04T02:52:52.980Z,2024-06-04T02:52:52.980Z,Good (0x00000000)
2024-06-04T02:54:03.899Z,false,2024-06-04T02:53:52.420Z,2024-06-04T02:53:52.420Z,Good (0x00000000)
2024-06-04T02:55:04.425Z,false,2024-06-04T02:54:52.943Z,2024-06-04T02:54:52.943Z,Good (0x00000000)
2024-06-04T02:56:04.525Z,false,2024-06-04T02:55:53.046Z,2024-06-04T02:55:53.046Z,Good (0x00000000)
2024-06-04T02:57:04.164Z,false,2024-06-04T02:56:52.692Z,2024-06-04T02:56:52.692Z,Good (0x00000000)
2024-06-04T02:58:04.500Z,false,2024-06-04T02:57:53.017Z,2024-06-04T02:57:53.017Z,Good (0x00000000)
2024-06-04T02:59:04.537Z,false,2024-06-04T02:58:53.056Z,2024-06-04T02:58:53.055Z,Good (0x00000000)
2024-06-04T03:00:06.767Z,false,2024-06-04T02:59:55.287Z,2024-06-04T02:59:55.287Z,Good (0x00000000)
2024-06-04T03:01:04.448Z,false,2024-06-04T03:00:52.967Z,2024-06-04T03:00:52.967Z,Good (0x00000000)
2024-06-04T03:02:04.714Z,false,2024-06-04T03:01:53.231Z,2024-06-04T03:01:53.231Z,Good (0x00000000)
2024-06-04T03:03:04.143Z,false,2024-06-04T03:02:52.659Z,2024-06-04T03:02:52.659Z,Good (0x00000000)
2024-06-04T03:04:03.852Z,false,2024-06-04T03:03:52.371Z,2024-06-04T03:03:52.371Z,Good (0x00000000)
2024-06-04T03:05:04.448Z,false,2024-06-04T03:04:52.964Z,2024-06-04T03:04:52.964Z,Good (0x00000000)
2024-06-04T03:06:05.064Z,false,2024-06-04T03:05:53.581Z,2024-06-04T03:05:53.581Z,Good (0x00000000)
2024-06-04T03:07:04.309Z,false,2024-06-04T03:06:52.825Z,2024-06-04T03:06:52.825Z,Good (0x00000000)
2024-06-04T03:08:04.174Z,false,2024-06-04T03:07:52.700Z,2024-06-04T03:07:52.700Z,Good (0x00000000)
2024-06-04T03:09:04.428Z,false,2024-06-04T03:08:52.945Z,2024-06-04T03:08:52.945Z,Good (0x00000000)
2024-06-04T03:10:04.788Z,false,2024-06-04T03:09:53.307Z,2024-06-04T03:09:53.307Z,Good (0x00000000)
2024-06-04T03:11:05.198Z,false,2024-06-04T03:10:53.718Z,2024-06-04T03:10:53.717Z,Good (0x00000000)
2024-06-04T03:12:04.598Z,false,2024-06-04T03:11:53.119Z,2024-06-04T03:11:53.119Z,Good (0x00000000)
2024-06-04T03:13:05.050Z,false,2024-06-04T03:12:53.564Z,2024-06-04T03:12:53.564Z,Good (0x00000000)
2024-06-04T03:14:04.276Z,false,2024-06-04T03:13:52.793Z,2024-06-04T03:13:52.792Z,Good (0x00000000)
2024-06-04T03:15:04.745Z,false,2024-06-04T03:14:53.261Z,2024-06-04T03:14:53.261Z,Good (0x00000000)
2024-06-04T03:16:04.535Z,false,2024-06-04T03:15:53.051Z,2024-06-04T03:15:53.050Z,Good (0x00000000)
2024-06-04T03:17:04.711Z,false,2024-06-04T03:16:53.224Z,2024-06-04T03:16:53.224Z,Good (0x00000000)
2024-06-04T03:18:04.686Z,false,2024-06-04T03:17:53.198Z,2024-06-04T03:17:53.198Z,Good (0x00000000)
2024-06-04T03:19:04.750Z,false,2024-06-04T03:18:53.264Z,2024-06-04T03:18:53.264Z,Good (0x00000000)
2024-06-04T03:20:04.250Z,false,2024-06-04T03:19:52.759Z,2024-06-04T03:19:52.759Z,Good (0x00000000)
2024-06-04T03:21:04.130Z,false,2024-06-04T03:20:52.642Z,2024-06-04T03:20:52.642Z,Good (0x00000000)
2024-06-04T03:22:03.957Z,false,2024-06-04T03:21:52.471Z,2024-06-04T03:21:52.471Z,Good (0x00000000)
2024-06-04T03:23:04.110Z,false,2024-06-04T03:22:52.626Z,2024-06-04T03:22:52.626Z,Good (0x00000000)
2024-06-04T03:24:04.383Z,false,2024-06-04T03:23:52.894Z,2024-06-04T03:23:52.894Z,Good (0x00000000)
2024-06-04T03:25:04.327Z,false,2024-06-04T03:24:52.841Z,2024-06-04T03:24:52.841Z,Good (0x00000000)
2024-06-04T03:26:04.395Z,false,2024-06-04T03:25:52.907Z,2024-06-04T03:25:52.907Z,Good (0x00000000)
2024-06-04T03:27:04.328Z,false,2024-06-04T03:26:52.839Z,2024-06-04T03:26:52.839Z,Good (0x00000000)
2024-06-04T03:28:04.686Z,false,2024-06-04T03:27:53.196Z,2024-06-04T03:27:53.196Z,Good (0x00000000)
2024-06-04T03:29:04.588Z,false,2024-06-04T03:28:53.097Z,2024-06-04T03:28:53.097Z,Good (0x00000000)
2024-06-04T03:30:04.937Z,false,2024-06-04T03:29:53.447Z,2024-06-04T03:29:53.447Z,Good (0x00000000)
2024-06-04T03:31:04.469Z,false,2024-06-04T03:30:52.978Z,2024-06-04T03:30:52.978Z,Good (0x00000000)
2024-06-04T03:32:04.389Z,false,2024-06-04T03:31:52.898Z,2024-06-04T03:31:52.898Z,Good (0x00000000)
2024-06-04T03:33:04.283Z,false,2024-06-04T03:32:52.792Z,2024-06-04T03:32:52.792Z,Good (0x00000000)
2024-06-04T03:34:04.105Z,false,2024-06-04T03:33:52.613Z,2024-06-04T03:33:52.613Z,Good (0x00000000)
2024-06-04T03:35:04.376Z,false,2024-06-04T03:34:52.887Z,2024-06-04T03:34:52.887Z,Good (0x00000000)
2024-06-04T03:36:04.618Z,false,2024-06-04T03:35:53.126Z,2024-06-04T03:35:53.126Z,Good (0x00000000)
2024-06-04T03:37:04.642Z,false,2024-06-04T03:36:53.154Z,2024-06-04T03:36:53.154Z,Good (0x00000000)
2024-06-04T03:38:04.671Z,false,2024-06-04T03:37:53.179Z,2024-06-04T03:37:53.179Z,Good (0x00000000)
2024-06-04T03:39:04.066Z,false,2024-06-04T03:38:52.576Z,2024-06-04T03:38:52.576Z,Good (0x00000000)
2024-06-04T03:40:04.643Z,false,2024-06-04T03:39:53.158Z,2024-06-04T03:39:53.158Z,Good (0x00000000)
2024-06-04T03:41:04.415Z,false,2024-06-04T03:40:52.924Z,2024-06-04T03:40:52.924Z,Good (0x00000000)
2024-06-04T03:42:04.806Z,false,2024-06-04T03:41:53.312Z,2024-06-04T03:41:53.312Z,Good (0x00000000)
2024-06-04T03:43:04.478Z,false,2024-06-04T03:42:52.985Z,2024-06-04T03:42:52.985Z,Good (0x00000000)
2024-06-04T03:44:04.393Z,false,2024-06-04T03:43:52.898Z,2024-06-04T03:43:52.898Z,Good (0x00000000)
2024-06-04T03:45:04.384Z,false,2024-06-04T03:44:52.888Z,2024-06-04T03:44:52.888Z,Good (0x00000000)
2024-06-04T03:46:04.112Z,false,2024-06-04T03:45:52.624Z,2024-06-04T03:45:52.624Z,Good (0x00000000)
2024-06-04T03:47:04.866Z,false,2024-06-04T03:46:53.372Z,2024-06-04T03:46:53.372Z,Good (0x00000000)
2024-06-04T03:48:04.449Z,false,2024-06-04T03:47:52.956Z,2024-06-04T03:47:52.956Z,Good (0x00000000)
2024-06-04T03:49:04.297Z,false,2024-06-04T03:48:52.802Z,2024-06-04T03:48:52.802Z,Good (0x00000000)
2024-06-04T03:50:04.843Z,false,2024-06-04T03:49:53.346Z,2024-06-04T03:49:53.346Z,Good (0x00000000)
2024-06-04T03:51:03.854Z,false,2024-06-04T03:50:52.358Z,2024-06-04T03:50:52.358Z,Good (0x00000000)
2024-06-04T03:52:04.468Z,false,2024-06-04T03:51:52.971Z,2024-06-04T03:51:52.971Z,Good (0x00000000)
2024-06-04T03:53:03.684Z,false,2024-06-04T03:52:52.187Z,2024-06-04T03:52:52.187Z,Good (0x00000000)
2024-06-04T03:54:03.860Z,false,2024-06-04T03:53:52.364Z,2024-06-04T03:53:52.364Z,Good (0x00000000)
2024-06-04T03:55:03.984Z,false,2024-06-04T03:54:52.488Z,2024-06-04T03:54:52.488Z,Good (0x00000000)
2024-06-04T03:56:04.511Z,false,2024-06-04T03:55:53.014Z,2024-06-04T03:55:53.014Z,Good (0x00000000)
2024-06-04T03:57:03.888Z,false,2024-06-04T03:56:52.395Z,2024-06-04T03:56:52.395Z,Good (0x00000000)
2024-06-04T03:58:03.656Z,false,2024-06-04T03:57:52.160Z,2024-06-04T03:57:52.160Z,Good (0x00000000)
2024-06-04T03:59:04.403Z,false,2024-06-04T03:58:52.905Z,2024-06-04T03:58:52.905Z,Good (0x00000000)
2024-06-04T04:00:05.450Z,false,2024-06-04T03:59:53.963Z,2024-06-04T03:59:53.963Z,Good (0x00000000)
2024-06-04T04:01:05.061Z,false,2024-06-04T04:00:53.563Z,2024-06-04T04:00:53.563Z,Good (0x00000000)
2024-06-04T04:02:03.982Z,false,2024-06-04T04:01:52.483Z,2024-06-04T04:01:52.483Z,Good (0x00000000)
2024-06-04T04:03:04.505Z,false,2024-06-04T04:02:53.006Z,2024-06-04T04:02:53.006Z,Good (0x00000000)
2024-06-04T04:04:04.392Z,false,2024-06-04T04:03:52.893Z,2024-06-04T04:03:52.893Z,Good (0x00000000)
2024-06-04T04:05:04.209Z,false,2024-06-04T04:04:52.712Z,2024-06-04T04:04:52.712Z,Good (0x00000000)
2024-06-04T04:06:05.285Z,false,2024-06-04T04:05:53.790Z,2024-06-04T04:05:53.790Z,Good (0x00000000)
2024-06-04T04:07:04.336Z,false,2024-06-04T04:06:52.838Z,2024-06-04T04:06:52.838Z,Good (0x00000000)
2024-06-04T04:08:04.091Z,false,2024-06-04T04:07:52.590Z,2024-06-04T04:07:52.590Z,Good (0x00000000)
2024-06-04T04:09:04.102Z,false,2024-06-04T04:08:52.601Z,2024-06-04T04:08:52.601Z,Good (0x00000000)
2024-06-04T04:10:05.056Z,false,2024-06-04T04:09:53.554Z,2024-06-04T04:09:53.554Z,Good (0x00000000)
2024-06-04T04:11:04.131Z,false,2024-06-04T04:10:52.629Z,2024-06-04T04:10:52.629Z,Good (0x00000000)
2024-06-04T04:12:04.723Z,false,2024-06-04T04:11:53.221Z,2024-06-04T04:11:53.221Z,Good (0x00000000)
2024-06-04T04:13:04.962Z,false,2024-06-04T04:12:53.459Z,2024-06-04T04:12:53.459Z,Good (0x00000000)
2024-06-04T04:14:04.465Z,false,2024-06-04T04:13:52.966Z,2024-06-04T04:13:52.966Z,Good (0x00000000)
2024-06-04T04:15:04.635Z,false,2024-06-04T04:14:53.132Z,2024-06-04T04:14:53.131Z,Good (0x00000000)
2024-06-04T04:16:04.524Z,false,2024-06-04T04:15:53.029Z,2024-06-04T04:15:53.029Z,Good (0x00000000)
2024-06-04T04:17:04.528Z,false,2024-06-04T04:16:53.028Z,2024-06-04T04:16:53.028Z,Good (0x00000000)
2024-06-04T04:18:04.319Z,false,2024-06-04T04:17:52.814Z,2024-06-04T04:17:52.814Z,Good (0x00000000)
2024-06-04T04:19:04.369Z,false,2024-06-04T04:18:52.866Z,2024-06-04T04:18:52.866Z,Good (0x00000000)
2024-06-04T04:20:04.898Z,false,2024-06-04T04:19:53.396Z,2024-06-04T04:19:53.396Z,Good (0x00000000)
2024-06-04T04:21:04.288Z,false,2024-06-04T04:20:52.784Z,2024-06-04T04:20:52.784Z,Good (0x00000000)
2024-06-04T04:22:04.234Z,false,2024-06-04T04:21:52.732Z,2024-06-04T04:21:52.732Z,Good (0x00000000)
2024-06-04T04:23:04.325Z,false,2024-06-04T04:22:52.821Z,2024-06-04T04:22:52.821Z,Good (0x00000000)
2024-06-04T04:24:04.906Z,false,2024-06-04T04:23:53.402Z,2024-06-04T04:23:53.402Z,Good (0x00000000)
2024-06-04T04:25:04.648Z,false,2024-06-04T04:24:53.144Z,2024-06-04T04:24:53.144Z,Good (0x00000000)
2024-06-04T04:26:04.886Z,false,2024-06-04T04:25:53.382Z,2024-06-04T04:25:53.382Z,Good (0x00000000)
2024-06-04T04:27:04.232Z,false,2024-06-04T04:26:52.726Z,2024-06-04T04:26:52.726Z,Good (0x00000000)
2024-06-04T04:28:04.456Z,false,2024-06-04T04:27:52.950Z,2024-06-04T04:27:52.950Z,Good (0x00000000)
2024-06-04T04:29:04.383Z,false,2024-06-04T04:28:52.881Z,2024-06-04T04:28:52.881Z,Good (0x00000000)
2024-06-04T04:30:04.963Z,false,2024-06-04T04:29:53.457Z,2024-06-04T04:29:53.457Z,Good (0x00000000)
2024-06-04T04:31:04.374Z,false,2024-06-04T04:30:52.866Z,2024-06-04T04:30:52.866Z,Good (0x00000000)
2024-06-04T04:32:04.403Z,false,2024-06-04T04:31:52.896Z,2024-06-04T04:31:52.895Z,Good (0x00000000)
2024-06-04T04:33:04.344Z,false,2024-06-04T04:32:52.836Z,2024-06-04T04:32:52.836Z,Good (0x00000000)
2024-06-04T04:34:04.579Z,false,2024-06-04T04:33:53.070Z,2024-06-04T04:33:53.070Z,Good (0x00000000)
2024-06-04T04:35:04.390Z,false,2024-06-04T04:34:52.881Z,2024-06-04T04:34:52.881Z,Good (0x00000000)
2024-06-04T04:36:04.531Z,false,2024-06-04T04:35:53.024Z,2024-06-04T04:35:53.024Z,Good (0x00000000)
2024-06-04T04:37:04.272Z,false,2024-06-04T04:36:52.766Z,2024-06-04T04:36:52.766Z,Good (0x00000000)
2024-06-04T04:38:04.117Z,false,2024-06-04T04:37:52.608Z,2024-06-04T04:37:52.608Z,Good (0x00000000)
2024-06-04T04:39:05.069Z,false,2024-06-04T04:38:53.561Z,2024-06-04T04:38:53.561Z,Good (0x00000000)
2024-06-04T04:40:05.340Z,false,2024-06-04T04:39:53.832Z,2024-06-04T04:39:53.832Z,Good (0x00000000)
2024-06-04T04:41:04.358Z,false,2024-06-04T04:40:52.850Z,2024-06-04T04:40:52.850Z,Good (0x00000000)
2024-06-04T04:42:04.856Z,false,2024-06-04T04:41:53.347Z,2024-06-04T04:41:53.347Z,Good (0x00000000)
2024-06-04T04:43:04.148Z,false,2024-06-04T04:42:52.641Z,2024-06-04T04:42:52.641Z,Good (0x00000000)
2024-06-04T04:44:03.924Z,false,2024-06-04T04:43:52.416Z,2024-06-04T04:43:52.416Z,Good (0x00000000)
2024-06-04T04:45:04.539Z,false,2024-06-04T04:44:53.030Z,2024-06-04T04:44:53.030Z,Good (0x00000000)
2024-06-04T04:46:04.044Z,false,2024-06-04T04:45:52.534Z,2024-06-04T04:45:52.534Z,Good (0x00000000)
2024-06-04T04:47:04.294Z,false,2024-06-04T04:46:52.783Z,2024-06-04T04:46:52.783Z,Good (0x00000000)
2024-06-04T04:48:04.873Z,false,2024-06-04T04:47:53.362Z,2024-06-04T04:47:53.362Z,Good (0x00000000)
2024-06-04T04:49:04.145Z,false,2024-06-04T04:48:52.636Z,2024-06-04T04:48:52.636Z,Good (0x00000000)
2024-06-04T04:50:04.694Z,false,2024-06-04T04:49:53.182Z,2024-06-04T04:49:53.182Z,Good (0x00000000)
2024-06-04T04:51:03.865Z,false,2024-06-04T04:50:52.356Z,2024-06-04T04:50:52.356Z,Good (0x00000000)
2024-06-04T04:52:04.528Z,false,2024-06-04T04:51:53.022Z,2024-06-04T04:51:53.022Z,Good (0x00000000)
2024-06-04T04:53:04.356Z,false,2024-06-04T04:52:52.844Z,2024-06-04T04:52:52.844Z,Good (0x00000000)
2024-06-04T04:54:04.375Z,false,2024-06-04T04:53:52.864Z,2024-06-04T04:53:52.864Z,Good (0x00000000)
2024-06-04T04:55:03.808Z,false,2024-06-04T04:54:52.300Z,2024-06-04T04:54:52.300Z,Good (0x00000000)
2024-06-04T04:56:04.459Z,false,2024-06-04T04:55:52.947Z,2024-06-04T04:55:52.946Z,Good (0x00000000)
2024-06-04T04:57:04.450Z,false,2024-06-04T04:56:52.937Z,2024-06-04T04:56:52.937Z,Good (0x00000000)
2024-06-04T04:58:04.522Z,false,2024-06-04T04:57:53.010Z,2024-06-04T04:57:53.010Z,Good (0x00000000)
2024-06-04T04:59:04.066Z,false,2024-06-04T04:58:52.554Z,2024-06-04T04:58:52.554Z,Good (0x00000000)
2024-06-04T05:00:05.510Z,false,2024-06-04T04:59:53.997Z,2024-06-04T04:59:53.996Z,Good (0x00000000)
2024-06-04T05:01:04.938Z,false,2024-06-04T05:00:53.429Z,2024-06-04T05:00:53.429Z,Good (0x00000000)
2024-06-04T05:02:04.745Z,false,2024-06-04T05:01:53.232Z,2024-06-04T05:01:53.232Z,Good (0x00000000)
2024-06-04T05:03:04.147Z,false,2024-06-04T05:02:52.634Z,2024-06-04T05:02:52.634Z,Good (0x00000000)
2024-06-04T05:04:04.637Z,false,2024-06-04T05:03:53.123Z,2024-06-04T05:03:53.123Z,Good (0x00000000)
2024-06-04T05:05:04.499Z,false,2024-06-04T05:04:52.984Z,2024-06-04T05:04:52.984Z,Good (0x00000000)
2024-06-04T05:06:04.882Z,false,2024-06-04T05:05:53.365Z,2024-06-04T05:05:53.365Z,Good (0x00000000)
2024-06-04T05:07:03.897Z,false,2024-06-04T05:06:52.381Z,2024-06-04T05:06:52.381Z,Good (0x00000000)
2024-06-04T05:08:03.972Z,false,2024-06-04T05:07:52.456Z,2024-06-04T05:07:52.456Z,Good (0x00000000)
2024-06-04T05:09:03.929Z,false,2024-06-04T05:08:52.413Z,2024-06-04T05:08:52.413Z,Good (0x00000000)
2024-06-04T05:10:04.575Z,false,2024-06-04T05:09:53.062Z,2024-06-04T05:09:53.062Z,Good (0x00000000)
2024-06-04T05:11:04.748Z,false,2024-06-04T05:10:53.231Z,2024-06-04T05:10:53.231Z,Good (0x00000000)
2024-06-04T05:12:04.195Z,false,2024-06-04T05:11:52.705Z,2024-06-04T05:11:52.705Z,Good (0x00000000)
2024-06-04T05:13:04.599Z,false,2024-06-04T05:12:53.084Z,2024-06-04T05:12:53.084Z,Good (0x00000000)
2024-06-04T05:14:04.082Z,false,2024-06-04T05:13:52.568Z,2024-06-04T05:13:52.568Z,Good (0x00000000)
2024-06-04T05:15:04.890Z,false,2024-06-04T05:14:53.370Z,2024-06-04T05:14:53.370Z,Good (0x00000000)
2024-06-04T05:16:03.834Z,false,2024-06-04T05:15:52.318Z,2024-06-04T05:15:52.318Z,Good (0x00000000)
2024-06-04T05:17:04.743Z,false,2024-06-04T05:16:53.224Z,2024-06-04T05:16:53.224Z,Good (0x00000000)
2024-06-04T05:18:04.484Z,false,2024-06-04T05:17:52.963Z,2024-06-04T05:17:52.963Z,Good (0x00000000)
2024-06-04T05:19:04.391Z,false,2024-06-04T05:18:52.873Z,2024-06-04T05:18:52.873Z,Good (0x00000000)
2024-06-04T05:20:04.528Z,false,2024-06-04T05:19:53.007Z,2024-06-04T05:19:53.007Z,Good (0x00000000)
2024-06-04T05:21:04.351Z,false,2024-06-04T05:20:52.832Z,2024-06-04T05:20:52.832Z,Good (0x00000000)
2024-06-04T05:22:04.019Z,false,2024-06-04T05:21:52.501Z,2024-06-04T05:21:52.500Z,Good (0x00000000)
2024-06-04T05:23:04.598Z,false,2024-06-04T05:22:53.079Z,2024-06-04T05:22:53.079Z,Good (0x00000000)
2024-06-04T05:24:04.541Z,false,2024-06-04T05:23:53.022Z,2024-06-04T05:23:53.022Z,Good (0x00000000)
2024-06-04T05:25:04.856Z,false,2024-06-04T05:24:53.337Z,2024-06-04T05:24:53.337Z,Good (0x00000000)
2024-06-04T05:26:04.373Z,false,2024-06-04T05:25:52.851Z,2024-06-04T05:25:52.851Z,Good (0x00000000)
2024-06-04T05:27:04.051Z,false,2024-06-04T05:26:52.528Z,2024-06-04T05:26:52.528Z,Good (0x00000000)
2024-06-04T05:28:05.032Z,false,2024-06-04T05:27:53.510Z,2024-06-04T05:27:53.510Z,Good (0x00000000)
2024-06-04T05:29:03.984Z,false,2024-06-04T05:28:52.462Z,2024-06-04T05:28:52.462Z,Good (0x00000000)
2024-06-04T05:30:04.806Z,false,2024-06-04T05:29:53.284Z,2024-06-04T05:29:53.284Z,Good (0x00000000)
2024-06-04T05:31:04.756Z,false,2024-06-04T05:30:53.233Z,2024-06-04T05:30:53.233Z,Good (0x00000000)
2024-06-04T05:32:04.141Z,false,2024-06-04T05:31:52.616Z,2024-06-04T05:31:52.616Z,Good (0x00000000)
2024-06-04T05:33:04.064Z,false,2024-06-04T05:32:52.541Z,2024-06-04T05:32:52.541Z,Good (0x00000000)
2024-06-04T05:34:03.897Z,false,2024-06-04T05:33:52.383Z,2024-06-04T05:33:52.383Z,Good (0x00000000)
2024-06-04T05:35:04.684Z,false,2024-06-04T05:34:53.165Z,2024-06-04T05:34:53.165Z,Good (0x00000000)
2024-06-04T05:36:04.681Z,false,2024-06-04T05:35:53.159Z,2024-06-04T05:35:53.159Z,Good (0x00000000)
2024-06-04T05:37:04.413Z,false,2024-06-04T05:36:52.894Z,2024-06-04T05:36:52.894Z,Good (0x00000000)
2024-06-04T05:38:04.435Z,false,2024-06-04T05:37:52.910Z,2024-06-04T05:37:52.910Z,Good (0x00000000)
2024-06-04T05:39:04.669Z,false,2024-06-04T05:38:53.151Z,2024-06-04T05:38:53.151Z,Good (0x00000000)
2024-06-04T05:40:04.651Z,false,2024-06-04T05:39:53.126Z,2024-06-04T05:39:53.126Z,Good (0x00000000)
2024-06-04T05:41:03.732Z,false,2024-06-04T05:40:52.211Z,2024-06-04T05:40:52.211Z,Good (0x00000000)
2024-06-04T05:42:05.020Z,false,2024-06-04T05:41:53.494Z,2024-06-04T05:41:53.494Z,Good (0x00000000)
2024-06-04T05:43:03.762Z,false,2024-06-04T05:42:52.239Z,2024-06-04T05:42:52.239Z,Good (0x00000000)
2024-06-04T05:44:04.066Z,false,2024-06-04T05:43:52.543Z,2024-06-04T05:43:52.543Z,Good (0x00000000)
2024-06-04T05:45:04.752Z,false,2024-06-04T05:44:53.227Z,2024-06-04T05:44:53.226Z,Good (0x00000000)
2024-06-04T05:46:04.623Z,false,2024-06-04T05:45:53.101Z,2024-06-04T05:45:53.101Z,Good (0x00000000)
2024-06-04T05:47:04.860Z,false,2024-06-04T05:46:53.335Z,2024-06-04T05:46:53.335Z,Good (0x00000000)
2024-06-04T05:48:04.316Z,false,2024-06-04T05:47:52.788Z,2024-06-04T05:47:52.788Z,Good (0x00000000)
2024-06-04T05:49:04.104Z,false,2024-06-04T05:48:52.578Z,2024-06-04T05:48:52.578Z,Good (0x00000000)
2024-06-04T05:50:04.932Z,false,2024-06-04T05:49:53.408Z,2024-06-04T05:49:53.408Z,Good (0x00000000)
2024-06-04T05:51:04.389Z,false,2024-06-04T05:50:52.862Z,2024-06-04T05:50:52.862Z,Good (0x00000000)
2024-06-04T05:52:04.603Z,false,2024-06-04T05:51:53.075Z,2024-06-04T05:51:53.075Z,Good (0x00000000)
2024-06-04T05:53:03.932Z,false,2024-06-04T05:52:52.404Z,2024-06-04T05:52:52.404Z,Good (0x00000000)
2024-06-04T05:54:04.504Z,false,2024-06-04T05:53:52.979Z,2024-06-04T05:53:52.979Z,Good (0x00000000)
2024-06-04T05:55:04.368Z,false,2024-06-04T05:54:52.839Z,2024-06-04T05:54:52.839Z,Good (0x00000000)
2024-06-04T05:56:04.752Z,false,2024-06-04T05:55:53.234Z,2024-06-04T05:55:53.234Z,Good (0x00000000)
2024-06-04T05:57:04.334Z,false,2024-06-04T05:56:52.809Z,2024-06-04T05:56:52.809Z,Good (0x00000000)
2024-06-04T05:58:04.111Z,false,2024-06-04T05:57:52.582Z,2024-06-04T05:57:52.582Z,Good (0x00000000)
2024-06-04T05:59:04.391Z,false,2024-06-04T05:58:52.863Z,2024-06-04T05:58:52.863Z,Good (0x00000000)
2024-06-04T06:00:07.009Z,false,2024-06-04T05:59:55.485Z,2024-06-04T05:59:55.485Z,Good (0x00000000)
2024-06-04T06:01:04.576Z,false,2024-06-04T06:00:53.047Z,2024-06-04T06:00:53.046Z,Good (0x00000000)
2024-06-04T06:02:04.199Z,false,2024-06-04T06:01:52.672Z,2024-06-04T06:01:52.672Z,Good (0x00000000)
2024-06-04T06:03:03.739Z,false,2024-06-04T06:02:52.207Z,2024-06-04T06:02:52.207Z,Good (0x00000000)
2024-06-04T06:04:04.359Z,false,2024-06-04T06:03:52.829Z,2024-06-04T06:03:52.829Z,Good (0x00000000)
2024-06-04T06:05:04.224Z,false,2024-06-04T06:04:52.694Z,2024-06-04T06:04:52.694Z,Good (0x00000000)
2024-06-04T06:06:05.110Z,false,2024-06-04T06:05:53.579Z,2024-06-04T06:05:53.579Z,Good (0x00000000)
2024-06-04T06:07:03.883Z,false,2024-06-04T06:06:52.353Z,2024-06-04T06:06:52.353Z,Good (0x00000000)
2024-06-04T06:08:04.335Z,false,2024-06-04T06:07:52.801Z,2024-06-04T06:07:52.801Z,Good (0x00000000)
2024-06-04T06:09:04.038Z,false,2024-06-04T06:08:52.514Z,2024-06-04T06:08:52.514Z,Good (0x00000000)
2024-06-04T06:10:04.210Z,false,2024-06-04T06:09:52.679Z,2024-06-04T06:09:52.679Z,Good (0x00000000)
2024-06-04T06:11:04.532Z,false,2024-06-04T06:10:52.999Z,2024-06-04T06:10:52.999Z,Good (0x00000000)
2024-06-04T06:12:04.190Z,false,2024-06-04T06:11:52.656Z,2024-06-04T06:11:52.656Z,Good (0x00000000)
2024-06-04T06:13:05.203Z,false,2024-06-04T06:12:53.669Z,2024-06-04T06:12:53.669Z,Good (0x00000000)
2024-06-04T06:14:04.434Z,false,2024-06-04T06:13:52.900Z,2024-06-04T06:13:52.900Z,Good (0x00000000)
2024-06-04T06:15:05.152Z,false,2024-06-04T06:14:53.623Z,2024-06-04T06:14:53.623Z,Good (0x00000000)
2024-06-04T06:16:04.416Z,false,2024-06-04T06:15:52.883Z,2024-06-04T06:15:52.883Z,Good (0x00000000)
2024-06-04T06:17:04.882Z,false,2024-06-04T06:16:53.348Z,2024-06-04T06:16:53.348Z,Good (0x00000000)
2024-06-04T06:18:04.403Z,false,2024-06-04T06:17:52.869Z,2024-06-04T06:17:52.869Z,Good (0x00000000)
2024-06-04T06:19:04.634Z,false,2024-06-04T06:18:53.100Z,2024-06-04T06:18:53.100Z,Good (0x00000000)
2024-06-04T06:20:04.426Z,false,2024-06-04T06:19:52.891Z,2024-06-04T06:19:52.891Z,Good (0x00000000)
2024-06-04T06:21:04.805Z,false,2024-06-04T06:20:53.270Z,2024-06-04T06:20:53.270Z,Good (0x00000000)
2024-06-04T06:22:03.987Z,false,2024-06-04T06:21:52.453Z,2024-06-04T06:21:52.453Z,Good (0x00000000)
2024-06-04T06:23:04.038Z,false,2024-06-04T06:22:52.504Z,2024-06-04T06:22:52.504Z,Good (0x00000000)
2024-06-04T06:24:04.868Z,false,2024-06-04T06:23:53.332Z,2024-06-04T06:23:53.332Z,Good (0x00000000)
2024-06-04T06:25:04.314Z,false,2024-06-04T06:24:52.777Z,2024-06-04T06:24:52.777Z,Good (0x00000000)
2024-06-04T06:26:05.027Z,false,2024-06-04T06:25:53.490Z,2024-06-04T06:25:53.490Z,Good (0x00000000)
2024-06-04T06:27:04.211Z,false,2024-06-04T06:26:52.675Z,2024-06-04T06:26:52.675Z,Good (0x00000000)
2024-06-04T06:28:04.907Z,false,2024-06-04T06:27:53.372Z,2024-06-04T06:27:53.371Z,Good (0x00000000)
2024-06-04T06:29:04.135Z,false,2024-06-04T06:28:52.597Z,2024-06-04T06:28:52.597Z,Good (0x00000000)
2024-06-04T06:30:04.552Z,false,2024-06-04T06:29:53.013Z,2024-06-04T06:29:53.013Z,Good (0x00000000)
2024-06-04T06:31:04.395Z,false,2024-06-04T06:30:52.860Z,2024-06-04T06:30:52.860Z,Good (0x00000000)
2024-06-04T06:32:04.455Z,false,2024-06-04T06:31:52.922Z,2024-06-04T06:31:52.922Z,Good (0x00000000)
2024-06-04T06:33:03.789Z,false,2024-06-04T06:32:52.251Z,2024-06-04T06:32:52.251Z,Good (0x00000000)
2024-06-04T06:34:03.986Z,false,2024-06-04T06:33:52.448Z,2024-06-04T06:33:52.448Z,Good (0x00000000)
2024-06-04T06:35:04.415Z,false,2024-06-04T06:34:52.877Z,2024-06-04T06:34:52.877Z,Good (0x00000000)
2024-06-04T06:36:04.837Z,false,2024-06-04T06:35:53.306Z,2024-06-04T06:35:53.306Z,Good (0x00000000)
2024-06-04T06:37:04.137Z,false,2024-06-04T06:36:52.601Z,2024-06-04T06:36:52.601Z,Good (0x00000000)
2024-06-04T06:38:04.011Z,false,2024-06-04T06:37:52.470Z,2024-06-04T06:37:52.470Z,Good (0x00000000)
2024-06-04T06:39:04.918Z,false,2024-06-04T06:38:53.377Z,2024-06-04T06:38:53.377Z,Good (0x00000000)
2024-06-04T06:40:04.121Z,false,2024-06-04T06:39:52.582Z,2024-06-04T06:39:52.582Z,Good (0x00000000)
2024-06-04T06:41:04.085Z,false,2024-06-04T06:40:52.550Z,2024-06-04T06:40:52.550Z,Good (0x00000000)
2024-06-04T06:42:04.827Z,false,2024-06-04T06:41:53.288Z,2024-06-04T06:41:53.288Z,Good (0x00000000)
2024-06-04T06:43:04.391Z,false,2024-06-04T06:42:52.853Z,2024-06-04T06:42:52.853Z,Good (0x00000000)
2024-06-04T06:44:04.458Z,false,2024-06-04T06:43:52.917Z,2024-06-04T06:43:52.917Z,Good (0x00000000)
2024-06-04T06:45:04.410Z,false,2024-06-04T06:44:52.869Z,2024-06-04T06:44:52.869Z,Good (0x00000000)
2024-06-04T06:46:04.170Z,false,2024-06-04T06:45:52.627Z,2024-06-04T06:45:52.627Z,Good (0x00000000)
2024-06-04T06:47:04.043Z,false,2024-06-04T06:46:52.502Z,2024-06-04T06:46:52.502Z,Good (0x00000000)
2024-06-04T06:48:04.197Z,false,2024-06-04T06:47:52.652Z,2024-06-04T06:47:52.652Z,Good (0x00000000)
2024-06-04T06:49:03.807Z,false,2024-06-04T06:48:52.264Z,2024-06-04T06:48:52.264Z,Good (0x00000000)
2024-06-04T06:50:04.946Z,false,2024-06-04T06:49:53.404Z,2024-06-04T06:49:53.404Z,Good (0x00000000)
2024-06-04T06:51:04.006Z,false,2024-06-04T06:50:52.465Z,2024-06-04T06:50:52.465Z,Good (0x00000000)
2024-06-04T06:52:04.817Z,false,2024-06-04T06:51:53.274Z,2024-06-04T06:51:53.274Z,Good (0x00000000)
2024-06-04T06:53:04.106Z,false,2024-06-04T06:52:52.574Z,2024-06-04T06:52:52.574Z,Good (0x00000000)
2024-06-04T06:54:04.412Z,false,2024-06-04T06:53:52.869Z,2024-06-04T06:53:52.869Z,Good (0x00000000)
2024-06-04T06:55:04.607Z,false,2024-06-04T06:54:53.075Z,2024-06-04T06:54:53.075Z,Good (0x00000000)
2024-06-04T06:56:04.434Z,false,2024-06-04T06:55:52.889Z,2024-06-04T06:55:52.889Z,Good (0x00000000)
2024-06-04T06:57:04.481Z,false,2024-06-04T06:56:52.936Z,2024-06-04T06:56:52.936Z,Good (0x00000000)
2024-06-04T06:58:03.803Z,false,2024-06-04T06:57:52.259Z,2024-06-04T06:57:52.259Z,Good (0x00000000)
2024-06-04T06:59:04.113Z,false,2024-06-04T06:58:52.575Z,2024-06-04T06:58:52.575Z,Good (0x00000000)
2024-06-04T07:00:06.292Z,false,2024-06-04T06:59:54.748Z,2024-06-04T06:59:54.748Z,Good (0x00000000)
2024-06-04T07:01:05.071Z,false,2024-06-04T07:00:53.533Z,2024-06-04T07:00:53.533Z,Good (0x00000000)
2024-06-04T07:02:04.035Z,false,2024-06-04T07:01:52.489Z,2024-06-04T07:01:52.488Z,Good (0x00000000)
2024-06-04T07:03:04.481Z,false,2024-06-04T07:02:52.937Z,2024-06-04T07:02:52.936Z,Good (0x00000000)
2024-06-04T07:04:04.453Z,false,2024-06-04T07:03:52.907Z,2024-06-04T07:03:52.907Z,Good (0x00000000)
2024-06-04T07:05:04.262Z,false,2024-06-04T07:04:52.716Z,2024-06-04T07:04:52.716Z,Good (0x00000000)
2024-06-04T07:06:04.881Z,false,2024-06-04T07:05:53.335Z,2024-06-04T07:05:53.335Z,Good (0x00000000)
2024-06-04T07:07:04.170Z,false,2024-06-04T07:06:52.623Z,2024-06-04T07:06:52.623Z,Good (0x00000000)
2024-06-04T07:08:04.389Z,false,2024-06-04T07:07:52.843Z,2024-06-04T07:07:52.843Z,Good (0x00000000)
2024-06-04T07:09:04.146Z,false,2024-06-04T07:08:52.602Z,2024-06-04T07:08:52.602Z,Good (0x00000000)
2024-06-04T07:10:04.381Z,false,2024-06-04T07:09:52.834Z,2024-06-04T07:09:52.834Z,Good (0x00000000)
2024-06-04T07:11:04.804Z,false,2024-06-04T07:10:53.262Z,2024-06-04T07:10:53.262Z,Good (0x00000000)
2024-06-04T07:12:04.480Z,false,2024-06-04T07:11:52.937Z,2024-06-04T07:11:52.937Z,Good (0x00000000)
2024-06-04T07:13:04.675Z,false,2024-06-04T07:12:53.126Z,2024-06-04T07:12:53.126Z,Good (0x00000000)
2024-06-04T07:14:04.386Z,false,2024-06-04T07:13:52.842Z,2024-06-04T07:13:52.841Z,Good (0x00000000)
2024-06-04T07:15:05.064Z,false,2024-06-04T07:14:53.514Z,2024-06-04T07:14:53.514Z,Good (0x00000000)
2024-06-04T07:16:04.538Z,false,2024-06-04T07:15:52.989Z,2024-06-04T07:15:52.989Z,Good (0x00000000)
2024-06-04T07:17:04.840Z,false,2024-06-04T07:16:53.291Z,2024-06-04T07:16:53.291Z,Good (0x00000000)
2024-06-04T07:18:04.365Z,false,2024-06-04T07:17:52.815Z,2024-06-04T07:17:52.815Z,Good (0x00000000)
2024-06-04T07:19:04.641Z,false,2024-06-04T07:18:53.093Z,2024-06-04T07:18:53.093Z,Good (0x00000000)
2024-06-04T07:20:04.741Z,false,2024-06-04T07:19:53.191Z,2024-06-04T07:19:53.191Z,Good (0x00000000)
2024-06-04T07:21:04.755Z,false,2024-06-04T07:20:53.206Z,2024-06-04T07:20:53.206Z,Good (0x00000000)
2024-06-04T07:22:04.752Z,false,2024-06-04T07:21:53.206Z,2024-06-04T07:21:53.206Z,Good (0x00000000)
2024-06-04T07:23:04.175Z,false,2024-06-04T07:22:52.624Z,2024-06-04T07:22:52.624Z,Good (0x00000000)
2024-06-04T07:24:04.613Z,false,2024-06-04T07:23:53.061Z,2024-06-04T07:23:53.061Z,Good (0x00000000)
2024-06-04T07:25:04.537Z,false,2024-06-04T07:24:52.986Z,2024-06-04T07:24:52.986Z,Good (0x00000000)
2024-06-04T07:26:04.849Z,false,2024-06-04T07:25:53.301Z,2024-06-04T07:25:53.301Z,Good (0x00000000)
2024-06-04T07:27:03.966Z,false,2024-06-04T07:26:52.413Z,2024-06-04T07:26:52.413Z,Good (0x00000000)
2024-06-04T07:28:04.533Z,false,2024-06-04T07:27:52.981Z,2024-06-04T07:27:52.981Z,Good (0x00000000)
2024-06-04T07:29:04.728Z,false,2024-06-04T07:28:53.177Z,2024-06-04T07:28:53.177Z,Good (0x00000000)
2024-06-04T07:30:05.212Z,false,2024-06-04T07:29:53.666Z,2024-06-04T07:29:53.665Z,Good (0x00000000)
2024-06-04T07:31:04.256Z,false,2024-06-04T07:30:52.702Z,2024-06-04T07:30:52.702Z,Good (0x00000000)
2024-06-04T07:32:04.469Z,false,2024-06-04T07:31:52.915Z,2024-06-04T07:31:52.915Z,Good (0x00000000)
2024-06-04T07:33:04.482Z,false,2024-06-04T07:32:52.928Z,2024-06-04T07:32:52.928Z,Good (0x00000000)
2024-06-04T07:34:04.094Z,false,2024-06-04T07:33:52.541Z,2024-06-04T07:33:52.541Z,Good (0x00000000)
2024-06-04T07:35:04.346Z,false,2024-06-04T07:34:52.790Z,2024-06-04T07:34:52.790Z,Good (0x00000000)
2024-06-04T07:36:04.143Z,false,2024-06-04T07:35:52.594Z,2024-06-04T07:35:52.594Z,Good (0x00000000)
2024-06-04T07:37:04.436Z,false,2024-06-04T07:36:52.882Z,2024-06-04T07:36:52.882Z,Good (0x00000000)
2024-06-04T07:38:04.447Z,false,2024-06-04T07:37:52.892Z,2024-06-04T07:37:52.892Z,Good (0x00000000)
2024-06-04T07:39:04.580Z,false,2024-06-04T07:38:53.028Z,2024-06-04T07:38:53.028Z,Good (0x00000000)
2024-06-04T07:40:04.682Z,false,2024-06-04T07:39:53.131Z,2024-06-04T07:39:53.131Z,Good (0x00000000)
2024-06-04T07:41:04.359Z,false,2024-06-04T07:40:52.805Z,2024-06-04T07:40:52.805Z,Good (0x00000000)
2024-06-04T07:42:05.054Z,false,2024-06-04T07:41:53.496Z,2024-06-04T07:41:53.496Z,Good (0x00000000)
2024-06-04T07:43:03.954Z,false,2024-06-04T07:42:52.396Z,2024-06-04T07:42:52.396Z,Good (0x00000000)
2024-06-04T07:44:04.521Z,false,2024-06-04T07:43:52.964Z,2024-06-04T07:43:52.964Z,Good (0x00000000)
2024-06-04T07:45:04.276Z,false,2024-06-04T07:44:52.718Z,2024-06-04T07:44:52.718Z,Good (0x00000000)
2024-06-04T07:46:03.982Z,false,2024-06-04T07:45:52.429Z,2024-06-04T07:45:52.429Z,Good (0x00000000)
2024-06-04T07:47:04.329Z,false,2024-06-04T07:46:52.772Z,2024-06-04T07:46:52.772Z,Good (0x00000000)
2024-06-04T07:48:04.826Z,false,2024-06-04T07:47:53.267Z,2024-06-04T07:47:53.267Z,Good (0x00000000)
2024-06-04T07:49:04.358Z,false,2024-06-04T07:48:52.801Z,2024-06-04T07:48:52.800Z,Good (0x00000000)
2024-06-04T07:50:04.823Z,false,2024-06-04T07:49:53.269Z,2024-06-04T07:49:53.268Z,Good (0x00000000)
2024-06-04T07:51:04.050Z,false,2024-06-04T07:50:52.494Z,2024-06-04T07:50:52.494Z,Good (0x00000000)
2024-06-04T07:52:04.421Z,false,2024-06-04T07:51:52.860Z,2024-06-04T07:51:52.860Z,Good (0x00000000)
2024-06-04T07:53:04.511Z,false,2024-06-04T07:52:52.952Z,2024-06-04T07:52:52.952Z,Good (0x00000000)
2024-06-04T07:54:04.757Z,false,2024-06-04T07:53:53.198Z,2024-06-04T07:53:53.198Z,Good (0x00000000)
2024-06-04T07:55:04.456Z,false,2024-06-04T07:54:52.895Z,2024-06-04T07:54:52.895Z,Good (0x00000000)
2024-06-04T07:56:04.802Z,false,2024-06-04T07:55:53.245Z,2024-06-04T07:55:53.245Z,Good (0x00000000)
2024-06-04T07:57:04.336Z,false,2024-06-04T07:56:52.774Z,2024-06-04T07:56:52.774Z,Good (0x00000000)
2024-06-04T07:58:04.351Z,false,2024-06-04T07:57:52.792Z,2024-06-04T07:57:52.792Z,Good (0x00000000)
2024-06-04T07:59:04.535Z,false,2024-06-04T07:58:52.974Z,2024-06-04T07:58:52.974Z,Good (0x00000000)
2024-06-04T08:00:05.462Z,false,2024-06-04T07:59:53.907Z,2024-06-04T07:59:53.907Z,Good (0x00000000)
2024-06-04T08:01:04.633Z,false,2024-06-04T08:00:53.071Z,2024-06-04T08:00:53.071Z,Good (0x00000000)
2024-06-04T08:02:04.332Z,false,2024-06-04T08:01:52.777Z,2024-06-04T08:01:52.777Z,Good (0x00000000)
2024-06-04T08:03:04.438Z,false,2024-06-04T08:02:52.885Z,2024-06-04T08:02:52.885Z,Good (0x00000000)
2024-06-04T08:04:04.077Z,false,2024-06-04T08:03:52.524Z,2024-06-04T08:03:52.524Z,Good (0x00000000)
2024-06-04T08:05:04.478Z,false,2024-06-04T08:04:52.915Z,2024-06-04T08:04:52.915Z,Good (0x00000000)
2024-06-04T08:06:05.097Z,false,2024-06-04T08:05:53.541Z,2024-06-04T08:05:53.541Z,Good (0x00000000)
2024-06-04T08:07:03.721Z,false,2024-06-04T08:06:52.178Z,2024-06-04T08:06:52.178Z,Good (0x00000000)
2024-06-04T08:08:04.734Z,false,2024-06-04T08:07:53.172Z,2024-06-04T08:07:53.172Z,Good (0x00000000)
2024-06-04T08:09:04.333Z,false,2024-06-04T08:08:52.768Z,2024-06-04T08:08:52.768Z,Good (0x00000000)
2024-06-04T08:10:04.524Z,false,2024-06-04T08:09:52.959Z,2024-06-04T08:09:52.959Z,Good (0x00000000)
2024-06-04T08:11:04.826Z,false,2024-06-04T08:10:53.262Z,2024-06-04T08:10:53.261Z,Good (0x00000000)
2024-06-04T08:12:03.808Z,false,2024-06-04T08:11:52.244Z,2024-06-04T08:11:52.244Z,Good (0x00000000)
2024-06-04T08:13:04.769Z,false,2024-06-04T08:12:53.205Z,2024-06-04T08:12:53.205Z,Good (0x00000000)
2024-06-04T08:14:04.273Z,false,2024-06-04T08:13:52.709Z,2024-06-04T08:13:52.709Z,Good (0x00000000)
2024-06-04T08:15:04.786Z,false,2024-06-04T08:14:53.221Z,2024-06-04T08:14:53.221Z,Good (0x00000000)
2024-06-04T08:16:04.233Z,false,2024-06-04T08:15:52.668Z,2024-06-04T08:15:52.668Z,Good (0x00000000)
2024-06-04T08:17:04.895Z,false,2024-06-04T08:16:53.330Z,2024-06-04T08:16:53.330Z,Good (0x00000000)
2024-06-04T08:18:04.916Z,false,2024-06-04T08:17:53.347Z,2024-06-04T08:17:53.347Z,Good (0x00000000)
2024-06-04T08:19:04.296Z,false,2024-06-04T08:18:52.730Z,2024-06-04T08:18:52.729Z,Good (0x00000000)
2024-06-04T08:20:04.861Z,false,2024-06-04T08:19:53.296Z,2024-06-04T08:19:53.295Z,Good (0x00000000)
2024-06-04T08:21:04.127Z,false,2024-06-04T08:20:52.568Z,2024-06-04T08:20:52.568Z,Good (0x00000000)
2024-06-04T08:22:04.233Z,false,2024-06-04T08:21:52.667Z,2024-06-04T08:21:52.667Z,Good (0x00000000)
2024-06-04T08:23:04.692Z,false,2024-06-04T08:22:53.125Z,2024-06-04T08:22:53.125Z,Good (0x00000000)
2024-06-04T08:24:04.264Z,false,2024-06-04T08:23:52.697Z,2024-06-04T08:23:52.697Z,Good (0x00000000)
2024-06-04T08:25:04.233Z,false,2024-06-04T08:24:52.667Z,2024-06-04T08:24:52.667Z,Good (0x00000000)
2024-06-04T08:26:05.201Z,false,2024-06-04T08:25:53.633Z,2024-06-04T08:25:53.632Z,Good (0x00000000)
2024-06-04T08:27:04.713Z,false,2024-06-04T08:26:53.146Z,2024-06-04T08:26:53.146Z,Good (0x00000000)
2024-06-04T08:28:04.219Z,false,2024-06-04T08:27:52.652Z,2024-06-04T08:27:52.652Z,Good (0x00000000)
2024-06-04T08:29:04.466Z,false,2024-06-04T08:28:52.898Z,2024-06-04T08:28:52.898Z,Good (0x00000000)
2024-06-04T08:30:05.083Z,false,2024-06-04T08:29:53.531Z,2024-06-04T08:29:53.531Z,Good (0x00000000)
2024-06-04T08:31:04.279Z,false,2024-06-04T08:30:52.709Z,2024-06-04T08:30:52.709Z,Good (0x00000000)
2024-06-04T08:32:04.416Z,false,2024-06-04T08:31:52.846Z,2024-06-04T08:31:52.846Z,Good (0x00000000)
2024-06-04T08:33:04.243Z,false,2024-06-04T08:32:52.671Z,2024-06-04T08:32:52.671Z,Good (0x00000000)
2024-06-04T08:34:04.579Z,false,2024-06-04T08:33:53.008Z,2024-06-04T08:33:53.008Z,Good (0x00000000)
2024-06-04T08:35:04.444Z,false,2024-06-04T08:34:52.874Z,2024-06-04T08:34:52.874Z,Good (0x00000000)
2024-06-04T08:36:04.246Z,false,2024-06-04T08:35:52.701Z,2024-06-04T08:35:52.701Z,Good (0x00000000)
2024-06-04T08:37:04.374Z,false,2024-06-04T08:36:52.802Z,2024-06-04T08:36:52.802Z,Good (0x00000000)
2024-06-04T08:38:04.575Z,false,2024-06-04T08:37:53.005Z,2024-06-04T08:37:53.005Z,Good (0x00000000)
2024-06-04T08:39:04.833Z,false,2024-06-04T08:38:53.263Z,2024-06-04T08:38:53.263Z,Good (0x00000000)
2024-06-04T08:40:04.562Z,false,2024-06-04T08:39:52.995Z,2024-06-04T08:39:52.995Z,Good (0x00000000)
2024-06-04T08:41:04.332Z,false,2024-06-04T08:40:52.758Z,2024-06-04T08:40:52.758Z,Good (0x00000000)
2024-06-04T08:42:04.846Z,false,2024-06-04T08:41:53.277Z,2024-06-04T08:41:53.277Z,Good (0x00000000)
2024-06-04T08:43:04.810Z,false,2024-06-04T08:42:53.239Z,2024-06-04T08:42:53.239Z,Good (0x00000000)
2024-06-04T08:44:04.917Z,false,2024-06-04T08:43:53.345Z,2024-06-04T08:43:53.345Z,Good (0x00000000)
2024-06-04T08:45:04.234Z,false,2024-06-04T08:44:52.662Z,2024-06-04T08:44:52.662Z,Good (0x00000000)
2024-06-04T08:46:04.627Z,false,2024-06-04T08:45:53.056Z,2024-06-04T08:45:53.056Z,Good (0x00000000)
2024-06-04T08:47:04.384Z,false,2024-06-04T08:46:52.813Z,2024-06-04T08:46:52.812Z,Good (0x00000000)
2024-06-04T08:48:04.626Z,false,2024-06-04T08:47:53.055Z,2024-06-04T08:47:53.055Z,Good (0x00000000)
2024-06-04T08:49:04.806Z,false,2024-06-04T08:48:53.232Z,2024-06-04T08:48:53.232Z,Good (0x00000000)
2024-06-04T08:50:04.477Z,false,2024-06-04T08:49:52.903Z,2024-06-04T08:49:52.903Z,Good (0x00000000)
2024-06-04T08:51:04.376Z,false,2024-06-04T08:50:52.805Z,2024-06-04T08:50:52.804Z,Good (0x00000000)
2024-06-04T08:52:04.941Z,false,2024-06-04T08:51:53.367Z,2024-06-04T08:51:53.367Z,Good (0x00000000)
2024-06-04T08:53:04.558Z,false,2024-06-04T08:52:52.985Z,2024-06-04T08:52:52.984Z,Good (0x00000000)
2024-06-04T08:54:04.755Z,false,2024-06-04T08:53:53.185Z,2024-06-04T08:53:53.185Z,Good (0x00000000)
2024-06-04T08:55:04.319Z,false,2024-06-04T08:54:52.747Z,2024-06-04T08:54:52.747Z,Good (0x00000000)
2024-06-04T08:56:04.468Z,false,2024-06-04T08:55:52.892Z,2024-06-04T08:55:52.892Z,Good (0x00000000)
2024-06-04T08:57:04.369Z,false,2024-06-04T08:56:52.795Z,2024-06-04T08:56:52.794Z,Good (0x00000000)
2024-06-04T08:58:04.463Z,false,2024-06-04T08:57:52.894Z,2024-06-04T08:57:52.894Z,Good (0x00000000)
2024-06-04T08:59:04.336Z,false,2024-06-04T08:58:52.760Z,2024-06-04T08:58:52.760Z,Good (0x00000000)
2024-06-04T09:00:06.571Z,false,2024-06-04T08:59:54.999Z,2024-06-04T08:59:54.999Z,Good (0x00000000)
2024-06-04T09:01:04.588Z,false,2024-06-04T09:00:53.011Z,2024-06-04T09:00:53.011Z,Good (0x00000000)
2024-06-04T09:02:04.170Z,false,2024-06-04T09:01:52.595Z,2024-06-04T09:01:52.595Z,Good (0x00000000)
2024-06-04T09:03:04.869Z,false,2024-06-04T09:02:53.292Z,2024-06-04T09:02:53.292Z,Good (0x00000000)
2024-06-04T09:04:03.755Z,false,2024-06-04T09:03:52.178Z,2024-06-04T09:03:52.178Z,Good (0x00000000)
2024-06-04T09:05:04.493Z,false,2024-06-04T09:04:52.916Z,2024-06-04T09:04:52.916Z,Good (0x00000000)
2024-06-04T09:06:04.356Z,false,2024-06-04T09:05:52.775Z,2024-06-04T09:05:52.775Z,Good (0x00000000)
2024-06-04T09:07:04.162Z,false,2024-06-04T09:06:52.588Z,2024-06-04T09:06:52.588Z,Good (0x00000000)
2024-06-04T09:08:04.579Z,false,2024-06-04T09:07:53.001Z,2024-06-04T09:07:53.001Z,Good (0x00000000)
2024-06-04T09:09:04.638Z,false,2024-06-04T09:08:53.057Z,2024-06-04T09:08:53.057Z,Good (0x00000000)
2024-06-04T09:10:04.480Z,false,2024-06-04T09:09:52.907Z,2024-06-04T09:09:52.907Z,Good (0x00000000)
2024-06-04T09:11:04.642Z,false,2024-06-04T09:10:53.060Z,2024-06-04T09:10:53.060Z,Good (0x00000000)
2024-06-04T09:12:04.463Z,false,2024-06-04T09:11:52.888Z,2024-06-04T09:11:52.888Z,Good (0x00000000)
2024-06-04T09:13:04.957Z,false,2024-06-04T09:12:53.376Z,2024-06-04T09:12:53.376Z,Good (0x00000000)
2024-06-04T09:14:04.394Z,false,2024-06-04T09:13:52.843Z,2024-06-04T09:13:52.843Z,Good (0x00000000)
2024-06-04T09:15:04.887Z,false,2024-06-04T09:14:53.306Z,2024-06-04T09:14:53.306Z,Good (0x00000000)
2024-06-04T09:16:04.492Z,false,2024-06-04T09:15:52.915Z,2024-06-04T09:15:52.914Z,Good (0x00000000)
2024-06-04T09:17:04.415Z,false,2024-06-04T09:16:52.834Z,2024-06-04T09:16:52.834Z,Good (0x00000000)
2024-06-04T09:18:04.463Z,false,2024-06-04T09:17:52.882Z,2024-06-04T09:17:52.882Z,Good (0x00000000)
2024-06-04T09:19:04.718Z,false,2024-06-04T09:18:53.135Z,2024-06-04T09:18:53.135Z,Good (0x00000000)
2024-06-04T09:20:04.461Z,false,2024-06-04T09:19:52.878Z,2024-06-04T09:19:52.878Z,Good (0x00000000)
2024-06-04T09:21:04.213Z,false,2024-06-04T09:20:52.633Z,2024-06-04T09:20:52.633Z,Good (0x00000000)
2024-06-04T09:22:04.025Z,false,2024-06-04T09:21:52.451Z,2024-06-04T09:21:52.451Z,Good (0x00000000)
2024-06-04T09:23:04.652Z,false,2024-06-04T09:22:53.069Z,2024-06-04T09:22:53.069Z,Good (0x00000000)
2024-06-04T09:24:04.467Z,false,2024-06-04T09:23:52.885Z,2024-06-04T09:23:52.885Z,Good (0x00000000)
2024-06-04T09:25:04.332Z,false,2024-06-04T09:24:52.748Z,2024-06-04T09:24:52.748Z,Good (0x00000000)
2024-06-04T09:26:04.503Z,false,2024-06-04T09:25:52.922Z,2024-06-04T09:25:52.922Z,Good (0x00000000)
2024-06-04T09:27:04.717Z,false,2024-06-04T09:26:53.132Z,2024-06-04T09:26:53.132Z,Good (0x00000000)
2024-06-04T09:28:04.659Z,false,2024-06-04T09:27:53.075Z,2024-06-04T09:27:53.075Z,Good (0x00000000)
2024-06-04T09:29:04.097Z,false,2024-06-04T09:28:52.512Z,2024-06-04T09:28:52.512Z,Good (0x00000000)
2024-06-04T09:30:05.227Z,false,2024-06-04T09:29:53.641Z,2024-06-04T09:29:53.641Z,Good (0x00000000)
2024-06-04T09:31:04.537Z,false,2024-06-04T09:30:52.952Z,2024-06-04T09:30:52.952Z,Good (0x00000000)
2024-06-04T09:32:04.712Z,false,2024-06-04T09:31:53.130Z,2024-06-04T09:31:53.130Z,Good (0x00000000)
2024-06-04T09:33:04.258Z,false,2024-06-04T09:32:52.673Z,2024-06-04T09:32:52.673Z,Good (0x00000000)
2024-06-04T09:34:03.832Z,false,2024-06-04T09:33:52.246Z,2024-06-04T09:33:52.246Z,Good (0x00000000)
2024-06-04T09:35:04.641Z,false,2024-06-04T09:34:53.062Z,2024-06-04T09:34:53.061Z,Good (0x00000000)
2024-06-04T09:36:04.687Z,false,2024-06-04T09:35:53.103Z,2024-06-04T09:35:53.103Z,Good (0x00000000)
2024-06-04T09:37:04.212Z,false,2024-06-04T09:36:52.625Z,2024-06-04T09:36:52.625Z,Good (0x00000000)
2024-06-04T09:38:04.169Z,false,2024-06-04T09:37:52.583Z,2024-06-04T09:37:52.583Z,Good (0x00000000)
2024-06-04T09:39:04.804Z,false,2024-06-04T09:38:53.215Z,2024-06-04T09:38:53.215Z,Good (0x00000000)
2024-06-04T09:40:04.953Z,false,2024-06-04T09:39:53.364Z,2024-06-04T09:39:53.364Z,Good (0x00000000)
2024-06-04T09:41:04.113Z,false,2024-06-04T09:40:52.526Z,2024-06-04T09:40:52.526Z,Good (0x00000000)
2024-06-04T09:42:04.392Z,false,2024-06-04T09:41:52.809Z,2024-06-04T09:41:52.809Z,Good (0x00000000)
2024-06-04T09:43:04.433Z,false,2024-06-04T09:42:52.846Z,2024-06-04T09:42:52.846Z,Good (0x00000000)
2024-06-04T09:44:04.675Z,false,2024-06-04T09:43:53.086Z,2024-06-04T09:43:53.086Z,Good (0x00000000)
2024-06-04T09:45:04.622Z,false,2024-06-04T09:44:53.035Z,2024-06-04T09:44:53.035Z,Good (0x00000000)
2024-06-04T09:46:04.429Z,false,2024-06-04T09:45:52.838Z,2024-06-04T09:45:52.838Z,Good (0x00000000)
2024-06-04T09:47:03.939Z,false,2024-06-04T09:46:52.351Z,2024-06-04T09:46:52.351Z,Good (0x00000000)
2024-06-04T09:48:04.848Z,false,2024-06-04T09:47:53.260Z,2024-06-04T09:47:53.260Z,Good (0x00000000)
2024-06-04T09:49:04.570Z,false,2024-06-04T09:48:52.984Z,2024-06-04T09:48:52.984Z,Good (0x00000000)
2024-06-04T09:50:04.729Z,false,2024-06-04T09:49:53.142Z,2024-06-04T09:49:53.142Z,Good (0x00000000)
2024-06-04T09:51:04.431Z,false,2024-06-04T09:50:52.844Z,2024-06-04T09:50:52.844Z,Good (0x00000000)
2024-06-04T09:52:04.686Z,false,2024-06-04T09:51:53.102Z,2024-06-04T09:51:53.102Z,Good (0x00000000)
2024-06-04T09:53:04.613Z,false,2024-06-04T09:52:53.024Z,2024-06-04T09:52:53.024Z,Good (0x00000000)
2024-06-04T09:54:04.434Z,false,2024-06-04T09:53:52.843Z,2024-06-04T09:53:52.843Z,Good (0x00000000)
2024-06-04T09:55:04.349Z,false,2024-06-04T09:54:52.764Z,2024-06-04T09:54:52.764Z,Good (0x00000000)
2024-06-04T09:56:04.190Z,false,2024-06-04T09:55:52.599Z,2024-06-04T09:55:52.599Z,Good (0x00000000)
2024-06-04T09:57:04.652Z,false,2024-06-04T09:56:53.061Z,2024-06-04T09:56:53.061Z,Good (0x00000000)
2024-06-04T09:58:04.197Z,false,2024-06-04T09:57:52.607Z,2024-06-04T09:57:52.607Z,Good (0x00000000)
2024-06-04T09:59:04.448Z,false,2024-06-04T09:58:52.857Z,2024-06-04T09:58:52.857Z,Good (0x00000000)
2024-06-04T10:00:06.943Z,false,2024-06-04T09:59:55.351Z,2024-06-04T09:59:55.351Z,Good (0x00000000)
2024-06-04T10:01:05.043Z,false,2024-06-04T10:00:53.450Z,2024-06-04T10:00:53.450Z,Good (0x00000000)
2024-06-04T10:02:04.610Z,false,2024-06-04T10:01:53.018Z,2024-06-04T10:01:53.018Z,Good (0x00000000)
2024-06-04T10:03:04.263Z,false,2024-06-04T10:02:52.669Z,2024-06-04T10:02:52.669Z,Good (0x00000000)
2024-06-04T10:04:04.716Z,false,2024-06-04T10:03:53.123Z,2024-06-04T10:03:53.123Z,Good (0x00000000)
2024-06-04T10:05:04.742Z,false,2024-06-04T10:04:53.151Z,2024-06-04T10:04:53.151Z,Good (0x00000000)
2024-06-04T10:06:05.142Z,false,2024-06-04T10:05:53.565Z,2024-06-04T10:05:53.565Z,Good (0x00000000)
2024-06-04T10:07:04.222Z,false,2024-06-04T10:06:52.626Z,2024-06-04T10:06:52.626Z,Good (0x00000000)
2024-06-04T10:08:03.518Z,false,2024-06-04T10:07:51.929Z,2024-06-04T10:07:51.929Z,Good (0x00000000)
2024-06-04T10:09:04.275Z,false,2024-06-04T10:08:52.679Z,2024-06-04T10:08:52.679Z,Good (0x00000000)
2024-06-04T10:10:04.655Z,false,2024-06-04T10:09:53.060Z,2024-06-04T10:09:53.059Z,Good (0x00000000)
2024-06-04T10:11:04.409Z,false,2024-06-04T10:10:52.813Z,2024-06-04T10:10:52.813Z,Good (0x00000000)
2024-06-04T10:12:04.522Z,false,2024-06-04T10:11:52.933Z,2024-06-04T10:11:52.933Z,Good (0x00000000)
2024-06-04T10:13:04.241Z,false,2024-06-04T10:12:52.654Z,2024-06-04T10:12:52.654Z,Good (0x00000000)
2024-06-04T10:14:04.342Z,false,2024-06-04T10:13:52.748Z,2024-06-04T10:13:52.748Z,Good (0x00000000)
2024-06-04T10:15:05.268Z,false,2024-06-04T10:14:53.673Z,2024-06-04T10:14:53.673Z,Good (0x00000000)
2024-06-04T10:16:04.460Z,false,2024-06-04T10:15:52.865Z,2024-06-04T10:15:52.865Z,Good (0x00000000)
2024-06-04T10:17:04.589Z,false,2024-06-04T10:16:52.996Z,2024-06-04T10:16:52.996Z,Good (0x00000000)
2024-06-04T10:18:04.840Z,false,2024-06-04T10:17:53.243Z,2024-06-04T10:17:53.243Z,Good (0x00000000)
2024-06-04T10:19:04.699Z,false,2024-06-04T10:18:53.101Z,2024-06-04T10:18:53.101Z,Good (0x00000000)
2024-06-04T10:20:04.543Z,false,2024-06-04T10:19:52.945Z,2024-06-04T10:19:52.945Z,Good (0x00000000)
2024-06-04T10:21:04.371Z,false,2024-06-04T10:20:52.773Z,2024-06-04T10:20:52.773Z,Good (0x00000000)
2024-06-04T10:22:04.785Z,false,2024-06-04T10:21:53.189Z,2024-06-04T10:21:53.189Z,Good (0x00000000)
2024-06-04T10:23:04.612Z,false,2024-06-04T10:22:53.014Z,2024-06-04T10:22:53.014Z,Good (0x00000000)
2024-06-04T10:24:04.587Z,false,2024-06-04T10:23:52.989Z,2024-06-04T10:23:52.989Z,Good (0x00000000)
2024-06-04T10:25:04.511Z,false,2024-06-04T10:24:52.913Z,2024-06-04T10:24:52.913Z,Good (0x00000000)
2024-06-04T10:26:04.986Z,false,2024-06-04T10:25:53.385Z,2024-06-04T10:25:53.385Z,Good (0x00000000)
2024-06-04T10:27:04.317Z,false,2024-06-04T10:26:52.719Z,2024-06-04T10:26:52.719Z,Good (0x00000000)
2024-06-04T10:28:04.840Z,false,2024-06-04T10:27:53.242Z,2024-06-04T10:27:53.242Z,Good (0x00000000)
2024-06-04T10:29:04.676Z,false,2024-06-04T10:28:53.080Z,2024-06-04T10:28:53.080Z,Good (0x00000000)
2024-06-04T10:30:05.038Z,false,2024-06-04T10:29:53.437Z,2024-06-04T10:29:53.437Z,Good (0x00000000)
2024-06-04T10:31:04.119Z,false,2024-06-04T10:30:52.519Z,2024-06-04T10:30:52.519Z,Good (0x00000000)
2024-06-04T10:32:04.409Z,false,2024-06-04T10:31:52.810Z,2024-06-04T10:31:52.810Z,Good (0x00000000)
2024-06-04T10:33:04.829Z,false,2024-06-04T10:32:53.229Z,2024-06-04T10:32:53.228Z,Good (0x00000000)
2024-06-04T10:34:04.357Z,false,2024-06-04T10:33:52.758Z,2024-06-04T10:33:52.758Z,Good (0x00000000)
2024-06-04T10:35:04.950Z,false,2024-06-04T10:34:53.352Z,2024-06-04T10:34:53.352Z,Good (0x00000000)
2024-06-04T10:36:04.781Z,false,2024-06-04T10:35:53.179Z,2024-06-04T10:35:53.179Z,Good (0x00000000)
2024-06-04T10:37:04.518Z,false,2024-06-04T10:36:52.917Z,2024-06-04T10:36:52.917Z,Good (0x00000000)
2024-06-04T10:38:04.920Z,false,2024-06-04T10:37:53.318Z,2024-06-04T10:37:53.318Z,Good (0x00000000)
2024-06-04T10:39:05.062Z,false,2024-06-04T10:38:53.460Z,2024-06-04T10:38:53.459Z,Good (0x00000000)
2024-06-04T10:40:04.689Z,false,2024-06-04T10:39:53.085Z,2024-06-04T10:39:53.085Z,Good (0x00000000)
2024-06-04T10:41:04.572Z,false,2024-06-04T10:40:52.973Z,2024-06-04T10:40:52.973Z,Good (0x00000000)
2024-06-04T10:42:04.838Z,false,2024-06-04T10:41:53.253Z,2024-06-04T10:41:53.253Z,Good (0x00000000)
2024-06-04T10:43:04.317Z,false,2024-06-04T10:42:52.715Z,2024-06-04T10:42:52.715Z,Good (0x00000000)
2024-06-04T10:44:04.135Z,false,2024-06-04T10:43:52.535Z,2024-06-04T10:43:52.535Z,Good (0x00000000)
2024-06-04T10:45:04.558Z,false,2024-06-04T10:44:52.953Z,2024-06-04T10:44:52.953Z,Good (0x00000000)
2024-06-04T10:46:04.580Z,false,2024-06-04T10:45:52.975Z,2024-06-04T10:45:52.975Z,Good (0x00000000)
2024-06-04T10:47:04.547Z,false,2024-06-04T10:46:52.952Z,2024-06-04T10:46:52.952Z,Good (0x00000000)
2024-06-04T10:48:04.945Z,false,2024-06-04T10:47:53.343Z,2024-06-04T10:47:53.343Z,Good (0x00000000)
2024-06-04T10:49:04.569Z,false,2024-06-04T10:48:52.963Z,2024-06-04T10:48:52.963Z,Good (0x00000000)
2024-06-04T10:50:05.098Z,false,2024-06-04T10:49:53.500Z,2024-06-04T10:49:53.500Z,Good (0x00000000)
2024-06-04T10:51:04.611Z,false,2024-06-04T10:50:53.005Z,2024-06-04T10:50:53.005Z,Good (0x00000000)
2024-06-04T10:52:05.118Z,false,2024-06-04T10:51:53.512Z,2024-06-04T10:51:53.512Z,Good (0x00000000)
2024-06-04T10:53:04.299Z,false,2024-06-04T10:52:52.695Z,2024-06-04T10:52:52.694Z,Good (0x00000000)
2024-06-04T10:54:04.592Z,false,2024-06-04T10:53:52.987Z,2024-06-04T10:53:52.987Z,Good (0x00000000)
2024-06-04T10:55:04.847Z,false,2024-06-04T10:54:53.244Z,2024-06-04T10:54:53.243Z,Good (0x00000000)
2024-06-04T10:56:04.635Z,false,2024-06-04T10:55:53.026Z,2024-06-04T10:55:53.025Z,Good (0x00000000)
2024-06-04T10:57:04.642Z,false,2024-06-04T10:56:53.035Z,2024-06-04T10:56:53.034Z,Good (0x00000000)
2024-06-04T10:58:04.089Z,false,2024-06-04T10:57:52.482Z,2024-06-04T10:57:52.482Z,Good (0x00000000)
2024-06-04T10:59:04.310Z,false,2024-06-04T10:58:52.701Z,2024-06-04T10:58:52.701Z,Good (0x00000000)
2024-06-04T11:00:05.120Z,false,2024-06-04T10:59:53.535Z,2024-06-04T10:59:53.535Z,Good (0x00000000)
2024-06-04T11:01:04.592Z,false,2024-06-04T11:00:52.987Z,2024-06-04T11:00:52.987Z,Good (0x00000000)
2024-06-04T11:02:04.491Z,false,2024-06-04T11:01:52.883Z,2024-06-04T11:01:52.883Z,Good (0x00000000)
2024-06-04T11:03:04.410Z,false,2024-06-04T11:02:52.799Z,2024-06-04T11:02:52.799Z,Good (0x00000000)
2024-06-04T11:04:04.906Z,false,2024-06-04T11:03:53.300Z,2024-06-04T11:03:53.300Z,Good (0x00000000)
2024-06-04T11:05:04.639Z,false,2024-06-04T11:04:53.030Z,2024-06-04T11:04:53.030Z,Good (0x00000000)
2024-06-04T11:06:05.106Z,false,2024-06-04T11:05:53.502Z,2024-06-04T11:05:53.502Z,Good (0x00000000)
2024-06-04T11:07:04.326Z,false,2024-06-04T11:06:52.717Z,2024-06-04T11:06:52.717Z,Good (0x00000000)
2024-06-04T11:08:04.342Z,false,2024-06-04T11:07:52.732Z,2024-06-04T11:07:52.731Z,Good (0x00000000)
2024-06-04T11:09:04.338Z,false,2024-06-04T11:08:52.727Z,2024-06-04T11:08:52.727Z,Good (0x00000000)
2024-06-04T11:10:04.660Z,false,2024-06-04T11:09:53.051Z,2024-06-04T11:09:53.051Z,Good (0x00000000)
2024-06-04T11:11:04.427Z,false,2024-06-04T11:10:52.816Z,2024-06-04T11:10:52.816Z,Good (0x00000000)
2024-06-04T11:12:04.408Z,false,2024-06-04T11:11:52.796Z,2024-06-04T11:11:52.796Z,Good (0x00000000)
2024-06-04T11:13:04.970Z,false,2024-06-04T11:12:53.360Z,2024-06-04T11:12:53.360Z,Good (0x00000000)
2024-06-04T11:14:04.107Z,false,2024-06-04T11:13:52.498Z,2024-06-04T11:13:52.498Z,Good (0x00000000)
2024-06-04T11:15:04.832Z,false,2024-06-04T11:14:53.222Z,2024-06-04T11:14:53.222Z,Good (0x00000000)
2024-06-04T11:16:04.471Z,false,2024-06-04T11:15:52.858Z,2024-06-04T11:15:52.858Z,Good (0x00000000)
2024-06-04T11:17:04.867Z,false,2024-06-04T11:16:53.255Z,2024-06-04T11:16:53.255Z,Good (0x00000000)
2024-06-04T11:18:04.635Z,false,2024-06-04T11:17:53.030Z,2024-06-04T11:17:53.030Z,Good (0x00000000)
2024-06-04T11:19:04.332Z,false,2024-06-04T11:18:52.721Z,2024-06-04T11:18:52.721Z,Good (0x00000000)
2024-06-04T11:20:04.803Z,false,2024-06-04T11:19:53.191Z,2024-06-04T11:19:53.191Z,Good (0x00000000)
2024-06-04T11:21:04.554Z,false,2024-06-04T11:20:52.941Z,2024-06-04T11:20:52.941Z,Good (0x00000000)
2024-06-04T11:22:04.475Z,false,2024-06-04T11:21:52.858Z,2024-06-04T11:21:52.858Z,Good (0x00000000)
2024-06-04T11:23:04.549Z,false,2024-06-04T11:22:52.934Z,2024-06-04T11:22:52.934Z,Good (0x00000000)
2024-06-04T11:24:04.088Z,false,2024-06-04T11:23:52.473Z,2024-06-04T11:23:52.473Z,Good (0x00000000)
2024-06-04T11:25:04.159Z,false,2024-06-04T11:24:52.545Z,2024-06-04T11:24:52.545Z,Good (0x00000000)
2024-06-04T11:26:04.757Z,false,2024-06-04T11:25:53.143Z,2024-06-04T11:25:53.142Z,Good (0x00000000)
2024-06-04T11:27:04.323Z,false,2024-06-04T11:26:52.710Z,2024-06-04T11:26:52.710Z,Good (0x00000000)
2024-06-04T11:28:04.808Z,false,2024-06-04T11:27:53.191Z,2024-06-04T11:27:53.191Z,Good (0x00000000)
2024-06-04T11:29:04.088Z,false,2024-06-04T11:28:52.473Z,2024-06-04T11:28:52.473Z,Good (0x00000000)
2024-06-04T11:30:04.603Z,false,2024-06-04T11:29:52.987Z,2024-06-04T11:29:52.987Z,Good (0x00000000)
2024-06-04T11:31:04.541Z,false,2024-06-04T11:30:52.927Z,2024-06-04T11:30:52.927Z,Good (0x00000000)
2024-06-04T11:32:04.861Z,false,2024-06-04T11:31:53.246Z,2024-06-04T11:31:53.246Z,Good (0x00000000)
2024-06-04T11:33:04.830Z,false,2024-06-04T11:32:53.219Z,2024-06-04T11:32:53.219Z,Good (0x00000000)
2024-06-04T11:34:04.812Z,false,2024-06-04T11:33:53.197Z,2024-06-04T11:33:53.196Z,Good (0x00000000)
2024-06-04T11:35:04.638Z,false,2024-06-04T11:34:53.035Z,2024-06-04T11:34:53.035Z,Good (0x00000000)
2024-06-04T11:36:05.037Z,false,2024-06-04T11:35:53.422Z,2024-06-04T11:35:53.422Z,Good (0x00000000)
2024-06-04T11:37:04.697Z,false,2024-06-04T11:36:53.080Z,2024-06-04T11:36:53.080Z,Good (0x00000000)
2024-06-04T11:38:04.770Z,false,2024-06-04T11:37:53.155Z,2024-06-04T11:37:53.154Z,Good (0x00000000)
2024-06-04T11:39:05.133Z,false,2024-06-04T11:38:53.514Z,2024-06-04T11:38:53.514Z,Good (0x00000000)
2024-06-04T11:40:04.533Z,false,2024-06-04T11:39:52.916Z,2024-06-04T11:39:52.915Z,Good (0x00000000)
2024-06-04T11:41:04.998Z,false,2024-06-04T11:40:53.379Z,2024-06-04T11:40:53.379Z,Good (0x00000000)
2024-06-04T11:42:04.815Z,false,2024-06-04T11:41:53.205Z,2024-06-04T11:41:53.205Z,Good (0x00000000)
2024-06-04T11:43:04.287Z,false,2024-06-04T11:42:52.669Z,2024-06-04T11:42:52.669Z,Good (0x00000000)
2024-06-04T11:44:04.540Z,false,2024-06-04T11:43:52.922Z,2024-06-04T11:43:52.922Z,Good (0x00000000)
2024-06-04T11:45:04.341Z,false,2024-06-04T11:44:52.720Z,2024-06-04T11:44:52.720Z,Good (0x00000000)
2024-06-04T11:46:04.249Z,false,2024-06-04T11:45:52.630Z,2024-06-04T11:45:52.630Z,Good (0x00000000)
2024-06-04T11:47:04.496Z,false,2024-06-04T11:46:52.875Z,2024-06-04T11:46:52.875Z,Good (0x00000000)
2024-06-04T11:48:04.235Z,false,2024-06-04T11:47:52.617Z,2024-06-04T11:47:52.617Z,Good (0x00000000)
2024-06-04T11:49:04.253Z,false,2024-06-04T11:48:52.631Z,2024-06-04T11:48:52.631Z,Good (0x00000000)
2024-06-04T11:50:05.119Z,false,2024-06-04T11:49:53.497Z,2024-06-04T11:49:53.497Z,Good (0x00000000)
2024-06-04T11:51:04.191Z,false,2024-06-04T11:50:52.570Z,2024-06-04T11:50:52.570Z,Good (0x00000000)
2024-06-04T11:52:05.278Z,false,2024-06-04T11:51:53.665Z,2024-06-04T11:51:53.665Z,Good (0x00000000)
2024-06-04T11:53:04.313Z,false,2024-06-04T11:52:52.693Z,2024-06-04T11:52:52.693Z,Good (0x00000000)
2024-06-04T11:54:04.503Z,false,2024-06-04T11:53:52.881Z,2024-06-04T11:53:52.881Z,Good (0x00000000)
2024-06-04T11:55:04.088Z,false,2024-06-04T11:54:52.467Z,2024-06-04T11:54:52.467Z,Good (0x00000000)
2024-06-04T11:56:05.278Z,false,2024-06-04T11:55:53.654Z,2024-06-04T11:55:53.654Z,Good (0x00000000)
2024-06-04T11:57:04.446Z,false,2024-06-04T11:56:52.825Z,2024-06-04T11:56:52.825Z,Good (0x00000000)
2024-06-04T11:58:04.234Z,false,2024-06-04T11:57:52.609Z,2024-06-04T11:57:52.608Z,Good (0x00000000)
2024-06-04T11:59:04.456Z,false,2024-06-04T11:58:52.838Z,2024-06-04T11:58:52.838Z,Good (0x00000000)
2024-06-04T12:00:05.106Z,false,2024-06-04T11:59:53.523Z,2024-06-04T11:59:53.522Z,Good (0x00000000)
2024-06-04T12:01:04.891Z,false,2024-06-04T12:00:53.267Z,2024-06-04T12:00:53.267Z,Good (0x00000000)
2024-06-04T12:02:04.130Z,false,2024-06-04T12:01:52.506Z,2024-06-04T12:01:52.506Z,Good (0x00000000)
2024-06-04T12:03:03.890Z,false,2024-06-04T12:02:52.268Z,2024-06-04T12:02:52.268Z,Good (0x00000000)
2024-06-04T12:04:04.529Z,false,2024-06-04T12:03:52.902Z,2024-06-04T12:03:52.902Z,Good (0x00000000)
2024-06-04T12:05:04.654Z,false,2024-06-04T12:04:53.029Z,2024-06-04T12:04:53.029Z,Good (0x00000000)
2024-06-04T12:06:05.291Z,false,2024-06-04T12:05:53.665Z,2024-06-04T12:05:53.665Z,Good (0x00000000)
2024-06-04T12:07:04.596Z,false,2024-06-04T12:06:52.973Z,2024-06-04T12:06:52.973Z,Good (0x00000000)
2024-06-04T12:08:04.286Z,false,2024-06-04T12:07:52.660Z,2024-06-04T12:07:52.660Z,Good (0x00000000)
2024-06-04T12:09:04.430Z,false,2024-06-04T12:08:52.803Z,2024-06-04T12:08:52.803Z,Good (0x00000000)
2024-06-04T12:10:04.445Z,false,2024-06-04T12:09:52.818Z,2024-06-04T12:09:52.817Z,Good (0x00000000)
2024-06-04T12:11:05.404Z,false,2024-06-04T12:10:53.778Z,2024-06-04T12:10:53.778Z,Good (0x00000000)
2024-06-04T12:12:03.967Z,false,2024-06-04T12:11:52.343Z,2024-06-04T12:11:52.343Z,Good (0x00000000)
2024-06-04T12:13:05.013Z,false,2024-06-04T12:12:53.392Z,2024-06-04T12:12:53.392Z,Good (0x00000000)
2024-06-04T12:14:04.397Z,false,2024-06-04T12:13:52.774Z,2024-06-04T12:13:52.773Z,Good (0x00000000)
2024-06-04T12:15:05.171Z,false,2024-06-04T12:14:53.543Z,2024-06-04T12:14:53.543Z,Good (0x00000000)
2024-06-04T12:16:04.138Z,false,2024-06-04T12:15:52.517Z,2024-06-04T12:15:52.517Z,Good (0x00000000)
2024-06-04T12:17:04.426Z,false,2024-06-04T12:16:52.797Z,2024-06-04T12:16:52.797Z,Good (0x00000000)
2024-06-04T12:18:04.532Z,false,2024-06-04T12:17:52.903Z,2024-06-04T12:17:52.903Z,Good (0x00000000)
2024-06-04T12:19:04.609Z,false,2024-06-04T12:18:52.980Z,2024-06-04T12:18:52.980Z,Good (0x00000000)
2024-06-04T12:20:04.559Z,false,2024-06-04T12:19:52.932Z,2024-06-04T12:19:52.932Z,Good (0x00000000)
2024-06-04T12:21:04.819Z,false,2024-06-04T12:20:53.188Z,2024-06-04T12:20:53.188Z,Good (0x00000000)
2024-06-04T12:22:04.172Z,false,2024-06-04T12:21:52.544Z,2024-06-04T12:21:52.544Z,Good (0x00000000)
2024-06-04T12:23:04.898Z,false,2024-06-04T12:22:53.268Z,2024-06-04T12:22:53.268Z,Good (0x00000000)
2024-06-04T12:24:04.644Z,false,2024-06-04T12:23:53.014Z,2024-06-04T12:23:53.014Z,Good (0x00000000)
2024-06-04T12:25:04.653Z,false,2024-06-04T12:24:53.026Z,2024-06-04T12:24:53.026Z,Good (0x00000000)
2024-06-04T12:26:05.592Z,false,2024-06-04T12:25:53.980Z,2024-06-04T12:25:53.980Z,Good (0x00000000)
2024-06-04T12:27:04.160Z,false,2024-06-04T12:26:52.530Z,2024-06-04T12:26:52.530Z,Good (0x00000000)
2024-06-04T12:28:04.535Z,false,2024-06-04T12:27:52.906Z,2024-06-04T12:27:52.906Z,Good (0x00000000)
2024-06-04T12:29:04.149Z,false,2024-06-04T12:28:52.516Z,2024-06-04T12:28:52.516Z,Good (0x00000000)
2024-06-04T12:30:04.694Z,false,2024-06-04T12:29:53.063Z,2024-06-04T12:29:53.063Z,Good (0x00000000)
2024-06-04T12:31:04.051Z,false,2024-06-04T12:30:52.418Z,2024-06-04T12:30:52.418Z,Good (0x00000000)
2024-06-04T12:32:03.882Z,false,2024-06-04T12:31:52.257Z,2024-06-04T12:31:52.257Z,Good (0x00000000)
2024-06-04T12:33:04.587Z,false,2024-06-04T12:32:52.957Z,2024-06-04T12:32:52.956Z,Good (0x00000000)
2024-06-04T12:34:04.121Z,false,2024-06-04T12:33:52.497Z,2024-06-04T12:33:52.497Z,Good (0x00000000)
2024-06-04T12:35:04.669Z,false,2024-06-04T12:34:53.037Z,2024-06-04T12:34:53.037Z,Good (0x00000000)
2024-06-04T12:36:04.828Z,false,2024-06-04T12:35:53.195Z,2024-06-04T12:35:53.195Z,Good (0x00000000)
2024-06-04T12:37:04.424Z,false,2024-06-04T12:36:52.789Z,2024-06-04T12:36:52.789Z,Good (0x00000000)
2024-06-04T12:38:04.363Z,false,2024-06-04T12:37:52.731Z,2024-06-04T12:37:52.731Z,Good (0x00000000)
2024-06-04T12:39:05.173Z,false,2024-06-04T12:38:53.539Z,2024-06-04T12:38:53.539Z,Good (0x00000000)
2024-06-04T12:40:04.589Z,false,2024-06-04T12:39:52.958Z,2024-06-04T12:39:52.958Z,Good (0x00000000)
2024-06-04T12:41:04.838Z,false,2024-06-04T12:40:53.206Z,2024-06-04T12:40:53.206Z,Good (0x00000000)
2024-06-04T12:42:04.429Z,false,2024-06-04T12:41:52.793Z,2024-06-04T12:41:52.793Z,Good (0x00000000)
2024-06-04T12:43:04.551Z,false,2024-06-04T12:42:52.915Z,2024-06-04T12:42:52.915Z,Good (0x00000000)
2024-06-04T12:44:04.566Z,false,2024-06-04T12:43:52.933Z,2024-06-04T12:43:52.933Z,Good (0x00000000)
2024-06-04T12:45:04.334Z,false,2024-06-04T12:44:52.699Z,2024-06-04T12:44:52.699Z,Good (0x00000000)
2024-06-04T12:46:04.078Z,false,2024-06-04T12:45:52.441Z,2024-06-04T12:45:52.441Z,Good (0x00000000)
2024-06-04T12:47:04.203Z,false,2024-06-04T12:46:52.567Z,2024-06-04T12:46:52.567Z,Good (0x00000000)
2024-06-04T12:48:04.591Z,false,2024-06-04T12:47:52.957Z,2024-06-04T12:47:52.957Z,Good (0x00000000)
2024-06-04T12:49:04.299Z,false,2024-06-04T12:48:52.663Z,2024-06-04T12:48:52.663Z,Good (0x00000000)
2024-06-04T12:50:04.590Z,false,2024-06-04T12:49:52.954Z,2024-06-04T12:49:52.953Z,Good (0x00000000)
2024-06-04T12:51:04.433Z,false,2024-06-04T12:50:52.799Z,2024-06-04T12:50:52.799Z,Good (0x00000000)
2024-06-04T12:52:04.771Z,false,2024-06-04T12:51:53.133Z,2024-06-04T12:51:53.133Z,Good (0x00000000)
2024-06-04T12:53:04.408Z,false,2024-06-04T12:52:52.773Z,2024-06-04T12:52:52.773Z,Good (0x00000000)
2024-06-04T12:54:04.642Z,false,2024-06-04T12:53:53.004Z,2024-06-04T12:53:53.004Z,Good (0x00000000)
2024-06-04T12:55:04.461Z,false,2024-06-04T12:54:52.823Z,2024-06-04T12:54:52.823Z,Good (0x00000000)
2024-06-04T12:56:05.412Z,false,2024-06-04T12:55:53.772Z,2024-06-04T12:55:53.772Z,Good (0x00000000)
2024-06-04T12:57:04.388Z,false,2024-06-04T12:56:52.752Z,2024-06-04T12:56:52.752Z,Good (0x00000000)
2024-06-04T12:58:04.070Z,false,2024-06-04T12:57:52.435Z,2024-06-04T12:57:52.435Z,Good (0x00000000)
2024-06-04T12:59:04.711Z,false,2024-06-04T12:58:53.085Z,2024-06-04T12:58:53.085Z,Good (0x00000000)
2024-06-04T13:00:06.380Z,false,2024-06-04T12:59:54.751Z,2024-06-04T12:59:54.751Z,Good (0x00000000)
2024-06-04T13:01:04.514Z,false,2024-06-04T13:00:52.877Z,2024-06-04T13:00:52.877Z,Good (0x00000000)
2024-06-04T13:02:04.034Z,false,2024-06-04T13:01:52.395Z,2024-06-04T13:01:52.395Z,Good (0x00000000)
2024-06-04T13:03:04.579Z,false,2024-06-04T13:02:52.939Z,2024-06-04T13:02:52.939Z,Good (0x00000000)
2024-06-04T13:04:04.434Z,false,2024-06-04T13:03:52.793Z,2024-06-04T13:03:52.793Z,Good (0x00000000)
2024-06-04T13:05:04.302Z,false,2024-06-04T13:04:52.664Z,2024-06-04T13:04:52.664Z,Good (0x00000000)
2024-06-04T13:06:04.817Z,false,2024-06-04T13:05:53.175Z,2024-06-04T13:05:53.175Z,Good (0x00000000)
2024-06-04T13:07:04.408Z,false,2024-06-04T13:06:52.768Z,2024-06-04T13:06:52.768Z,Good (0x00000000)
2024-06-04T13:08:04.289Z,false,2024-06-04T13:07:52.648Z,2024-06-04T13:07:52.648Z,Good (0x00000000)
2024-06-04T13:09:04.024Z,false,2024-06-04T13:08:52.393Z,2024-06-04T13:08:52.393Z,Good (0x00000000)
2024-06-04T13:10:04.187Z,false,2024-06-04T13:09:52.546Z,2024-06-04T13:09:52.546Z,Good (0x00000000)
2024-06-04T13:11:03.718Z,false,2024-06-04T13:10:52.076Z,2024-06-04T13:10:52.076Z,Good (0x00000000)
2024-06-04T13:12:03.996Z,false,2024-06-04T13:11:52.355Z,2024-06-04T13:11:52.355Z,Good (0x00000000)
2024-06-04T13:13:05.060Z,false,2024-06-04T13:12:53.416Z,2024-06-04T13:12:53.416Z,Good (0x00000000)
2024-06-04T13:14:04.594Z,false,2024-06-04T13:13:52.949Z,2024-06-04T13:13:52.949Z,Good (0x00000000)
2024-06-04T13:15:04.741Z,false,2024-06-04T13:14:53.096Z,2024-06-04T13:14:53.096Z,Good (0x00000000)
2024-06-04T13:16:03.832Z,false,2024-06-04T13:15:52.189Z,2024-06-04T13:15:52.189Z,Good (0x00000000)
2024-06-04T13:17:04.320Z,false,2024-06-04T13:16:52.676Z,2024-06-04T13:16:52.676Z,Good (0x00000000)
2024-06-04T13:18:04.976Z,false,2024-06-04T13:17:53.331Z,2024-06-04T13:17:53.331Z,Good (0x00000000)
2024-06-04T13:19:04.621Z,false,2024-06-04T13:18:52.980Z,2024-06-04T13:18:52.980Z,Good (0x00000000)
2024-06-04T13:20:04.768Z,false,2024-06-04T13:19:53.123Z,2024-06-04T13:19:53.123Z,Good (0x00000000)
2024-06-04T13:21:04.662Z,false,2024-06-04T13:20:53.016Z,2024-06-04T13:20:53.016Z,Good (0x00000000)
2024-06-04T13:22:04.490Z,false,2024-06-04T13:21:52.844Z,2024-06-04T13:21:52.844Z,Good (0x00000000)
2024-06-04T13:23:03.796Z,false,2024-06-04T13:22:52.150Z,2024-06-04T13:22:52.150Z,Good (0x00000000)
2024-06-04T13:24:04.622Z,false,2024-06-04T13:23:52.977Z,2024-06-04T13:23:52.977Z,Good (0x00000000)
2024-06-04T13:25:04.285Z,false,2024-06-04T13:24:52.640Z,2024-06-04T13:24:52.640Z,Good (0x00000000)
2024-06-04T13:26:04.401Z,false,2024-06-04T13:25:52.755Z,2024-06-04T13:25:52.755Z,Good (0x00000000)
2024-06-04T13:27:04.779Z,false,2024-06-04T13:26:53.131Z,2024-06-04T13:26:53.131Z,Good (0x00000000)
2024-06-04T13:28:04.371Z,false,2024-06-04T13:27:52.724Z,2024-06-04T13:27:52.724Z,Good (0x00000000)
2024-06-04T13:29:04.415Z,false,2024-06-04T13:28:52.769Z,2024-06-04T13:28:52.769Z,Good (0x00000000)
2024-06-04T13:30:04.816Z,false,2024-06-04T13:29:53.169Z,2024-06-04T13:29:53.169Z,Good (0x00000000)
2024-06-04T13:31:04.770Z,false,2024-06-04T13:30:53.122Z,2024-06-04T13:30:53.121Z,Good (0x00000000)
2024-06-04T13:32:04.258Z,false,2024-06-04T13:31:52.612Z,2024-06-04T13:31:52.612Z,Good (0x00000000)
2024-06-04T13:33:04.810Z,false,2024-06-04T13:32:53.165Z,2024-06-04T13:32:53.165Z,Good (0x00000000)
2024-06-04T13:34:04.343Z,false,2024-06-04T13:33:52.700Z,2024-06-04T13:33:52.700Z,Good (0x00000000)
2024-06-04T13:35:04.592Z,false,2024-06-04T13:34:52.949Z,2024-06-04T13:34:52.949Z,Good (0x00000000)
2024-06-04T13:36:04.256Z,false,2024-06-04T13:35:52.607Z,2024-06-04T13:35:52.607Z,Good (0x00000000)
2024-06-04T13:37:04.460Z,false,2024-06-04T13:36:52.812Z,2024-06-04T13:36:52.812Z,Good (0x00000000)
2024-06-04T13:38:04.024Z,false,2024-06-04T13:37:52.377Z,2024-06-04T13:37:52.377Z,Good (0x00000000)
2024-06-04T13:39:04.420Z,false,2024-06-04T13:38:52.771Z,2024-06-04T13:38:52.771Z,Good (0x00000000)
2024-06-04T13:40:04.550Z,false,2024-06-04T13:39:52.901Z,2024-06-04T13:39:52.901Z,Good (0x00000000)
2024-06-04T13:41:04.577Z,false,2024-06-04T13:40:52.926Z,2024-06-04T13:40:52.926Z,Good (0x00000000)
2024-06-04T13:42:04.952Z,false,2024-06-04T13:41:53.304Z,2024-06-04T13:41:53.304Z,Good (0x00000000)
2024-06-04T13:43:03.916Z,false,2024-06-04T13:42:52.265Z,2024-06-04T13:42:52.265Z,Good (0x00000000)
2024-06-04T13:44:04.558Z,false,2024-06-04T13:43:52.908Z,2024-06-04T13:43:52.908Z,Good (0x00000000)
2024-06-04T13:45:05.001Z,false,2024-06-04T13:44:53.354Z,2024-06-04T13:44:53.354Z,Good (0x00000000)
2024-06-04T13:46:04.136Z,false,2024-06-04T13:45:52.483Z,2024-06-04T13:45:52.483Z,Good (0x00000000)
2024-06-04T13:47:04.792Z,false,2024-06-04T13:46:53.142Z,2024-06-04T13:46:53.142Z,Good (0x00000000)
2024-06-04T13:48:04.947Z,false,2024-06-04T13:47:53.298Z,2024-06-04T13:47:53.298Z,Good (0x00000000)
2024-06-04T13:49:04.588Z,false,2024-06-04T13:48:52.937Z,2024-06-04T13:48:52.937Z,Good (0x00000000)
2024-06-04T13:50:04.441Z,false,2024-06-04T13:49:52.788Z,2024-06-04T13:49:52.788Z,Good (0x00000000)
2024-06-04T13:51:04.223Z,false,2024-06-04T13:50:52.571Z,2024-06-04T13:50:52.571Z,Good (0x00000000)
2024-06-04T13:52:05.015Z,false,2024-06-04T13:51:53.362Z,2024-06-04T13:51:53.362Z,Good (0x00000000)
2024-06-04T13:53:04.170Z,false,2024-06-04T13:52:52.520Z,2024-06-04T13:52:52.519Z,Good (0x00000000)
2024-06-04T13:54:04.701Z,false,2024-06-04T13:53:53.049Z,2024-06-04T13:53:53.049Z,Good (0x00000000)
2024-06-04T13:55:04.674Z,false,2024-06-04T13:54:53.020Z,2024-06-04T13:54:53.020Z,Good (0x00000000)
2024-06-04T13:56:04.342Z,false,2024-06-04T13:55:52.689Z,2024-06-04T13:55:52.689Z,Good (0x00000000)
2024-06-04T13:57:04.669Z,false,2024-06-04T13:56:53.015Z,2024-06-04T13:56:53.015Z,Good (0x00000000)
2024-06-04T13:58:04.590Z,false,2024-06-04T13:57:52.937Z,2024-06-04T13:57:52.937Z,Good (0x00000000)
2024-06-04T13:59:04.385Z,false,2024-06-04T13:58:52.732Z,2024-06-04T13:58:52.732Z,Good (0x00000000)
2024-06-04T14:00:06.340Z,false,2024-06-04T13:59:54.689Z,2024-06-04T13:59:54.689Z,Good (0x00000000)
2024-06-04T14:01:04.996Z,false,2024-06-04T14:00:53.346Z,2024-06-04T14:00:53.345Z,Good (0x00000000)
2024-06-04T14:02:04.607Z,false,2024-06-04T14:01:52.954Z,2024-06-04T14:01:52.954Z,Good (0x00000000)
2024-06-04T14:03:04.055Z,false,2024-06-04T14:02:52.400Z,2024-06-04T14:02:52.400Z,Good (0x00000000)
2024-06-04T14:04:04.574Z,false,2024-06-04T14:03:52.918Z,2024-06-04T14:03:52.918Z,Good (0x00000000)
2024-06-04T14:05:04.608Z,false,2024-06-04T14:04:52.951Z,2024-06-04T14:04:52.951Z,Good (0x00000000)
2024-06-04T14:06:04.838Z,false,2024-06-04T14:05:53.184Z,2024-06-04T14:05:53.184Z,Good (0x00000000)
2024-06-04T14:07:04.604Z,false,2024-06-04T14:06:52.948Z,2024-06-04T14:06:52.947Z,Good (0x00000000)
2024-06-04T14:08:04.598Z,false,2024-06-04T14:07:52.947Z,2024-06-04T14:07:52.947Z,Good (0x00000000)
2024-06-04T14:09:03.695Z,false,2024-06-04T14:08:52.038Z,2024-06-04T14:08:52.038Z,Good (0x00000000)
2024-06-04T14:10:04.505Z,false,2024-06-04T14:09:52.849Z,2024-06-04T14:09:52.849Z,Good (0x00000000)
2024-06-04T14:11:04.354Z,false,2024-06-04T14:10:52.697Z,2024-06-04T14:10:52.697Z,Good (0x00000000)
2024-06-04T14:12:04.789Z,false,2024-06-04T14:11:53.132Z,2024-06-04T14:11:53.132Z,Good (0x00000000)
2024-06-04T14:13:04.973Z,false,2024-06-04T14:12:53.317Z,2024-06-04T14:12:53.317Z,Good (0x00000000)
2024-06-04T14:14:04.623Z,false,2024-06-04T14:13:52.964Z,2024-06-04T14:13:52.964Z,Good (0x00000000)
2024-06-04T14:15:05.144Z,false,2024-06-04T14:14:53.490Z,2024-06-04T14:14:53.490Z,Good (0x00000000)
2024-06-04T14:16:04.492Z,false,2024-06-04T14:15:52.832Z,2024-06-04T14:15:52.832Z,Good (0x00000000)
2024-06-04T14:17:05.090Z,false,2024-06-04T14:16:53.446Z,2024-06-04T14:16:53.446Z,Good (0x00000000)
2024-06-04T14:18:04.303Z,false,2024-06-04T14:17:52.644Z,2024-06-04T14:17:52.644Z,Good (0x00000000)
2024-06-04T14:19:04.255Z,false,2024-06-04T14:18:52.610Z,2024-06-04T14:18:52.610Z,Good (0x00000000)
2024-06-04T14:20:05.020Z,false,2024-06-04T14:19:53.359Z,2024-06-04T14:19:53.359Z,Good (0x00000000)
2024-06-04T14:21:04.384Z,false,2024-06-04T14:20:52.724Z,2024-06-04T14:20:52.724Z,Good (0x00000000)
2024-06-04T14:22:04.744Z,false,2024-06-04T14:21:53.085Z,2024-06-04T14:21:53.085Z,Good (0x00000000)
2024-06-04T14:23:04.535Z,false,2024-06-04T14:22:52.873Z,2024-06-04T14:22:52.873Z,Good (0x00000000)
2024-06-04T14:24:04.804Z,false,2024-06-04T14:23:53.147Z,2024-06-04T14:23:53.146Z,Good (0x00000000)
2024-06-04T14:25:04.476Z,false,2024-06-04T14:24:52.815Z,2024-06-04T14:24:52.815Z,Good (0x00000000)
2024-06-04T14:26:05.148Z,false,2024-06-04T14:25:53.486Z,2024-06-04T14:25:53.486Z,Good (0x00000000)
2024-06-04T14:27:04.511Z,false,2024-06-04T14:26:52.849Z,2024-06-04T14:26:52.849Z,Good (0x00000000)
2024-06-04T14:28:04.532Z,false,2024-06-04T14:27:52.869Z,2024-06-04T14:27:52.869Z,Good (0x00000000)
2024-06-04T14:29:04.676Z,false,2024-06-04T14:28:53.014Z,2024-06-04T14:28:53.014Z,Good (0x00000000)
2024-06-04T14:30:07.051Z,false,2024-06-04T14:29:55.389Z,2024-06-04T14:29:55.388Z,Good (0x00000000)
2024-06-04T14:31:06.379Z,false,2024-06-04T14:30:54.715Z,2024-06-04T14:30:54.715Z,Good (0x00000000)
2024-06-04T14:32:04.412Z,false,2024-06-04T14:31:52.747Z,2024-06-04T14:31:52.747Z,Good (0x00000000)
2024-06-04T14:33:04.599Z,false,2024-06-04T14:32:52.934Z,2024-06-04T14:32:52.934Z,Good (0x00000000)
2024-06-04T14:34:04.245Z,false,2024-06-04T14:33:52.579Z,2024-06-04T14:33:52.578Z,Good (0x00000000)
2024-06-04T14:35:04.953Z,false,2024-06-04T14:34:53.292Z,2024-06-04T14:34:53.292Z,Good (0x00000000)
2024-06-04T14:36:04.782Z,false,2024-06-04T14:35:53.117Z,2024-06-04T14:35:53.117Z,Good (0x00000000)
2024-06-04T14:37:04.593Z,false,2024-06-04T14:36:52.934Z,2024-06-04T14:36:52.934Z,Good (0x00000000)
2024-06-04T14:38:04.445Z,false,2024-06-04T14:37:52.780Z,2024-06-04T14:37:52.780Z,Good (0x00000000)
2024-06-04T14:39:04.685Z,false,2024-06-04T14:38:53.019Z,2024-06-04T14:38:53.019Z,Good (0x00000000)
2024-06-04T14:40:04.559Z,false,2024-06-04T14:39:52.902Z,2024-06-04T14:39:52.902Z,Good (0x00000000)
2024-06-04T14:41:04.411Z,false,2024-06-04T14:40:52.748Z,2024-06-04T14:40:52.748Z,Good (0x00000000)
2024-06-04T14:42:04.700Z,false,2024-06-04T14:41:53.040Z,2024-06-04T14:41:53.040Z,Good (0x00000000)
2024-06-04T14:43:03.951Z,false,2024-06-04T14:42:52.287Z,2024-06-04T14:42:52.287Z,Good (0x00000000)
2024-06-04T14:44:04.130Z,false,2024-06-04T14:43:52.463Z,2024-06-04T14:43:52.463Z,Good (0x00000000)
2024-06-04T14:45:04.460Z,false,2024-06-04T14:44:52.796Z,2024-06-04T14:44:52.796Z,Good (0x00000000)
2024-06-04T14:46:04.337Z,false,2024-06-04T14:45:52.671Z,2024-06-04T14:45:52.671Z,Good (0x00000000)
2024-06-04T14:47:04.468Z,false,2024-06-04T14:46:52.800Z,2024-06-04T14:46:52.800Z,Good (0x00000000)
2024-06-04T14:48:04.578Z,false,2024-06-04T14:47:52.915Z,2024-06-04T14:47:52.915Z,Good (0x00000000)
2024-06-04T14:49:04.569Z,false,2024-06-04T14:48:52.901Z,2024-06-04T14:48:52.901Z,Good (0x00000000)
2024-06-04T14:50:05.037Z,false,2024-06-04T14:49:53.369Z,2024-06-04T14:49:53.369Z,Good (0x00000000)
2024-06-04T14:51:03.874Z,false,2024-06-04T14:50:52.205Z,2024-06-04T14:50:52.205Z,Good (0x00000000)
2024-06-04T14:52:04.756Z,false,2024-06-04T14:51:53.086Z,2024-06-04T14:51:53.086Z,Good (0x00000000)
2024-06-04T14:53:04.866Z,false,2024-06-04T14:52:53.197Z,2024-06-04T14:52:53.197Z,Good (0x00000000)
2024-06-04T14:54:04.130Z,false,2024-06-04T14:53:52.461Z,2024-06-04T14:53:52.461Z,Good (0x00000000)
2024-06-04T14:55:04.832Z,false,2024-06-04T14:54:53.161Z,2024-06-04T14:54:53.161Z,Good (0x00000000)
2024-06-04T14:56:04.486Z,false,2024-06-04T14:55:52.820Z,2024-06-04T14:55:52.820Z,Good (0x00000000)
2024-06-04T14:57:04.297Z,false,2024-06-04T14:56:52.631Z,2024-06-04T14:56:52.631Z,Good (0x00000000)
2024-06-04T14:58:03.946Z,false,2024-06-04T14:57:52.277Z,2024-06-04T14:57:52.277Z,Good (0x00000000)
2024-06-04T14:59:04.028Z,false,2024-06-04T14:58:52.358Z,2024-06-04T14:58:52.358Z,Good (0x00000000)
2024-06-04T15:00:06.132Z,false,2024-06-04T14:59:54.463Z,2024-06-04T14:59:54.463Z,Good (0x00000000)
2024-06-04T15:01:04.511Z,false,2024-06-04T15:00:52.841Z,2024-06-04T15:00:52.841Z,Good (0x00000000)
2024-06-04T15:02:04.138Z,false,2024-06-04T15:01:52.466Z,2024-06-04T15:01:52.466Z,Good (0x00000000)
2024-06-04T15:03:04.448Z,false,2024-06-04T15:02:52.778Z,2024-06-04T15:02:52.778Z,Good (0x00000000)
2024-06-04T15:04:04.451Z,false,2024-06-04T15:03:52.777Z,2024-06-04T15:03:52.777Z,Good (0x00000000)
2024-06-04T15:05:04.620Z,false,2024-06-04T15:04:52.948Z,2024-06-04T15:04:52.948Z,Good (0x00000000)
2024-06-04T15:06:04.738Z,false,2024-06-04T15:05:53.064Z,2024-06-04T15:05:53.064Z,Good (0x00000000)
2024-06-04T15:07:04.312Z,false,2024-06-04T15:06:52.641Z,2024-06-04T15:06:52.641Z,Good (0x00000000)
2024-06-04T15:08:04.382Z,false,2024-06-04T15:07:52.709Z,2024-06-04T15:07:52.709Z,Good (0x00000000)
2024-06-04T15:09:04.487Z,false,2024-06-04T15:08:52.820Z,2024-06-04T15:08:52.820Z,Good (0x00000000)
2024-06-04T15:10:04.335Z,false,2024-06-04T15:09:52.660Z,2024-06-04T15:09:52.660Z,Good (0x00000000)
2024-06-04T15:11:04.784Z,false,2024-06-04T15:10:53.116Z,2024-06-04T15:10:53.116Z,Good (0x00000000)
2024-06-04T15:12:03.677Z,false,2024-06-04T15:11:52.003Z,2024-06-04T15:11:52.003Z,Good (0x00000000)
2024-06-04T15:13:04.953Z,false,2024-06-04T15:12:53.285Z,2024-06-04T15:12:53.285Z,Good (0x00000000)
2024-06-04T15:14:04.595Z,false,2024-06-04T15:13:52.921Z,2024-06-04T15:13:52.921Z,Good (0x00000000)
2024-06-04T15:15:04.908Z,false,2024-06-04T15:14:53.242Z,2024-06-04T15:14:53.242Z,Good (0x00000000)
2024-06-04T15:16:04.757Z,false,2024-06-04T15:15:53.084Z,2024-06-04T15:15:53.084Z,Good (0x00000000)
2024-06-04T15:17:04.528Z,false,2024-06-04T15:16:52.853Z,2024-06-04T15:16:52.853Z,Good (0x00000000)
2024-06-04T15:18:04.802Z,false,2024-06-04T15:17:53.128Z,2024-06-04T15:17:53.128Z,Good (0x00000000)
2024-06-04T15:19:05.023Z,false,2024-06-04T15:18:53.349Z,2024-06-04T15:18:53.348Z,Good (0x00000000)
2024-06-04T15:20:04.718Z,false,2024-06-04T15:19:53.045Z,2024-06-04T15:19:53.045Z,Good (0x00000000)
2024-06-04T15:21:04.502Z,false,2024-06-04T15:20:52.827Z,2024-06-04T15:20:52.827Z,Good (0x00000000)
2024-06-04T15:22:04.777Z,false,2024-06-04T15:21:53.102Z,2024-06-04T15:21:53.102Z,Good (0x00000000)
2024-06-04T15:23:04.371Z,false,2024-06-04T15:22:52.698Z,2024-06-04T15:22:52.698Z,Good (0x00000000)
2024-06-04T15:24:04.630Z,false,2024-06-04T15:23:52.959Z,2024-06-04T15:23:52.959Z,Good (0x00000000)
2024-06-04T15:25:04.183Z,false,2024-06-04T15:24:52.505Z,2024-06-04T15:24:52.505Z,Good (0x00000000)
2024-06-04T15:26:04.763Z,false,2024-06-04T15:25:53.092Z,2024-06-04T15:25:53.092Z,Good (0x00000000)
2024-06-04T15:27:04.748Z,false,2024-06-04T15:26:53.072Z,2024-06-04T15:26:53.072Z,Good (0x00000000)
2024-06-04T15:28:04.962Z,false,2024-06-04T15:27:53.284Z,2024-06-04T15:27:53.284Z,Good (0x00000000)
2024-06-04T15:29:04.598Z,false,2024-06-04T15:28:52.922Z,2024-06-04T15:28:52.922Z,Good (0x00000000)
2024-06-04T15:30:04.799Z,false,2024-06-04T15:29:53.120Z,2024-06-04T15:29:53.120Z,Good (0x00000000)
2024-06-04T15:31:04.495Z,false,2024-06-04T15:30:52.815Z,2024-06-04T15:30:52.815Z,Good (0x00000000)
2024-06-04T15:32:04.542Z,false,2024-06-04T15:31:52.865Z,2024-06-04T15:31:52.865Z,Good (0x00000000)
2024-06-04T15:33:04.171Z,false,2024-06-04T15:32:52.493Z,2024-06-04T15:32:52.493Z,Good (0x00000000)
2024-06-04T15:34:04.195Z,false,2024-06-04T15:33:52.517Z,2024-06-04T15:33:52.517Z,Good (0x00000000)
2024-06-04T15:35:04.540Z,false,2024-06-04T15:34:52.861Z,2024-06-04T15:34:52.861Z,Good (0x00000000)
2024-06-04T15:36:04.005Z,false,2024-06-04T15:35:52.338Z,2024-06-04T15:35:52.338Z,Good (0x00000000)
2024-06-04T15:37:04.218Z,false,2024-06-04T15:36:52.537Z,2024-06-04T15:36:52.537Z,Good (0x00000000)
2024-06-04T15:38:04.298Z,false,2024-06-04T15:37:52.617Z,2024-06-04T15:37:52.617Z,Good (0x00000000)
2024-06-04T15:39:05.127Z,false,2024-06-04T15:38:53.445Z,2024-06-04T15:38:53.445Z,Good (0x00000000)
2024-06-04T15:40:04.525Z,false,2024-06-04T15:39:52.845Z,2024-06-04T15:39:52.845Z,Good (0x00000000)
2024-06-04T15:41:04.183Z,false,2024-06-04T15:40:52.501Z,2024-06-04T15:40:52.501Z,Good (0x00000000)
2024-06-04T15:42:03.801Z,false,2024-06-04T15:41:52.121Z,2024-06-04T15:41:52.120Z,Good (0x00000000)
2024-06-04T15:43:04.440Z,false,2024-06-04T15:42:52.760Z,2024-06-04T15:42:52.760Z,Good (0x00000000)
2024-06-04T15:44:03.996Z,false,2024-06-04T15:43:52.314Z,2024-06-04T15:43:52.314Z,Good (0x00000000)
2024-06-04T15:45:04.710Z,false,2024-06-04T15:44:53.029Z,2024-06-04T15:44:53.029Z,Good (0x00000000)
2024-06-04T15:46:04.536Z,false,2024-06-04T15:45:52.854Z,2024-06-04T15:45:52.854Z,Good (0x00000000)
2024-06-04T15:47:04.415Z,false,2024-06-04T15:46:52.730Z,2024-06-04T15:46:52.730Z,Good (0x00000000)
2024-06-04T15:48:04.478Z,false,2024-06-04T15:47:52.802Z,2024-06-04T15:47:52.802Z,Good (0x00000000)
2024-06-04T15:49:04.293Z,false,2024-06-04T15:48:52.609Z,2024-06-04T15:48:52.609Z,Good (0x00000000)
2024-06-04T15:50:04.765Z,false,2024-06-04T15:49:53.080Z,2024-06-04T15:49:53.080Z,Good (0x00000000)
2024-06-04T15:51:04.188Z,false,2024-06-04T15:50:52.505Z,2024-06-04T15:50:52.505Z,Good (0x00000000)
2024-06-04T15:52:04.676Z,false,2024-06-04T15:51:52.993Z,2024-06-04T15:51:52.993Z,Good (0x00000000)
2024-06-04T15:53:04.057Z,false,2024-06-04T15:52:52.377Z,2024-06-04T15:52:52.377Z,Good (0x00000000)
2024-06-04T15:54:04.256Z,false,2024-06-04T15:53:52.575Z,2024-06-04T15:53:52.574Z,Good (0x00000000)
2024-06-04T15:55:04.513Z,false,2024-06-04T15:54:52.828Z,2024-06-04T15:54:52.828Z,Good (0x00000000)
2024-06-04T15:56:04.728Z,false,2024-06-04T15:55:53.044Z,2024-06-04T15:55:53.044Z,Good (0x00000000)
2024-06-04T15:57:04.350Z,false,2024-06-04T15:56:52.664Z,2024-06-04T15:56:52.663Z,Good (0x00000000)
2024-06-04T15:58:04.120Z,false,2024-06-04T15:57:52.433Z,2024-06-04T15:57:52.433Z,Good (0x00000000)
2024-06-04T15:59:04.515Z,false,2024-06-04T15:58:52.828Z,2024-06-04T15:58:52.828Z,Good (0x00000000)
2024-06-04T16:00:04.936Z,false,2024-06-04T15:59:53.255Z,2024-06-04T15:59:53.255Z,Good (0x00000000)
2024-06-04T16:01:04.918Z,false,2024-06-04T16:00:53.232Z,2024-06-04T16:00:53.232Z,Good (0x00000000)
2024-06-04T16:02:04.203Z,false,2024-06-04T16:01:52.518Z,2024-06-04T16:01:52.518Z,Good (0x00000000)
2024-06-04T16:03:04.613Z,false,2024-06-04T16:02:52.929Z,2024-06-04T16:02:52.929Z,Good (0x00000000)
2024-06-04T16:04:04.466Z,false,2024-06-04T16:03:52.787Z,2024-06-04T16:03:52.787Z,Good (0x00000000)
2024-06-04T16:05:05.087Z,false,2024-06-04T16:04:53.420Z,2024-06-04T16:04:53.419Z,Good (0x00000000)
2024-06-04T16:06:04.982Z,false,2024-06-04T16:05:53.306Z,2024-06-04T16:05:53.306Z,Good (0x00000000)
2024-06-04T16:07:04.465Z,false,2024-06-04T16:06:52.776Z,2024-06-04T16:06:52.776Z,Good (0x00000000)
2024-06-04T16:08:04.259Z,false,2024-06-04T16:07:52.572Z,2024-06-04T16:07:52.572Z,Good (0x00000000)
2024-06-04T16:09:04.126Z,false,2024-06-04T16:08:52.444Z,2024-06-04T16:08:52.444Z,Good (0x00000000)
2024-06-04T16:10:04.268Z,false,2024-06-04T16:09:52.578Z,2024-06-04T16:09:52.578Z,Good (0x00000000)
2024-06-04T16:11:03.716Z,false,2024-06-04T16:10:52.028Z,2024-06-04T16:10:52.028Z,Good (0x00000000)
2024-06-04T16:12:04.228Z,false,2024-06-04T16:11:52.538Z,2024-06-04T16:11:52.538Z,Good (0x00000000)
2024-06-04T16:13:04.852Z,false,2024-06-04T16:12:53.163Z,2024-06-04T16:12:53.163Z,Good (0x00000000)
2024-06-04T16:14:04.281Z,false,2024-06-04T16:13:52.592Z,2024-06-04T16:13:52.592Z,Good (0x00000000)
2024-06-04T16:15:05.293Z,false,2024-06-04T16:14:53.603Z,2024-06-04T16:14:53.603Z,Good (0x00000000)
2024-06-04T16:16:04.618Z,false,2024-06-04T16:15:52.929Z,2024-06-04T16:15:52.929Z,Good (0x00000000)
2024-06-04T16:17:04.284Z,false,2024-06-04T16:16:52.594Z,2024-06-04T16:16:52.594Z,Good (0x00000000)
2024-06-04T16:18:04.394Z,false,2024-06-04T16:17:52.704Z,2024-06-04T16:17:52.704Z,Good (0x00000000)
2024-06-04T16:19:04.403Z,false,2024-06-04T16:18:52.712Z,2024-06-04T16:18:52.712Z,Good (0x00000000)
2024-06-04T16:20:04.643Z,false,2024-06-04T16:19:52.953Z,2024-06-04T16:19:52.953Z,Good (0x00000000)
2024-06-04T16:21:04.138Z,false,2024-06-04T16:20:52.453Z,2024-06-04T16:20:52.453Z,Good (0x00000000)
2024-06-04T16:22:04.240Z,false,2024-06-04T16:21:52.547Z,2024-06-04T16:21:52.547Z,Good (0x00000000)
2024-06-04T16:23:04.204Z,false,2024-06-04T16:22:52.514Z,2024-06-04T16:22:52.514Z,Good (0x00000000)
2024-06-04T16:24:04.087Z,false,2024-06-04T16:23:52.399Z,2024-06-04T16:23:52.399Z,Good (0x00000000)
2024-06-04T16:25:04.680Z,false,2024-06-04T16:24:52.986Z,2024-06-04T16:24:52.986Z,Good (0x00000000)
2024-06-04T16:26:04.914Z,false,2024-06-04T16:25:53.222Z,2024-06-04T16:25:53.222Z,Good (0x00000000)
2024-06-04T16:27:04.542Z,false,2024-06-04T16:26:52.849Z,2024-06-04T16:26:52.849Z,Good (0x00000000)
2024-06-04T16:28:04.278Z,false,2024-06-04T16:27:52.586Z,2024-06-04T16:27:52.586Z,Good (0x00000000)
2024-06-04T16:29:04.841Z,false,2024-06-04T16:28:53.148Z,2024-06-04T16:28:53.148Z,Good (0x00000000)
2024-06-04T16:30:05.115Z,false,2024-06-04T16:29:53.425Z,2024-06-04T16:29:53.425Z,Good (0x00000000)
2024-06-04T16:31:04.816Z,false,2024-06-04T16:30:53.119Z,2024-06-04T16:30:53.119Z,Good (0x00000000)
2024-06-04T16:32:04.541Z,false,2024-06-04T16:31:52.857Z,2024-06-04T16:31:52.857Z,Good (0x00000000)
2024-06-04T16:33:04.589Z,false,2024-06-04T16:32:52.895Z,2024-06-04T16:32:52.895Z,Good (0x00000000)
2024-06-04T16:34:04.656Z,false,2024-06-04T16:33:52.964Z,2024-06-04T16:33:52.964Z,Good (0x00000000)
2024-06-04T16:35:04.270Z,false,2024-06-04T16:34:52.582Z,2024-06-04T16:34:52.582Z,Good (0x00000000)
2024-06-04T16:36:04.314Z,false,2024-06-04T16:35:52.621Z,2024-06-04T16:35:52.621Z,Good (0x00000000)
2024-06-04T16:37:04.591Z,false,2024-06-04T16:36:52.897Z,2024-06-04T16:36:52.897Z,Good (0x00000000)
2024-06-04T16:38:04.414Z,false,2024-06-04T16:37:52.768Z,2024-06-04T16:37:52.768Z,Good (0x00000000)
2024-06-04T16:39:05.152Z,false,2024-06-04T16:38:53.456Z,2024-06-04T16:38:53.456Z,Good (0x00000000)
2024-06-04T16:40:04.141Z,false,2024-06-04T16:39:52.445Z,2024-06-04T16:39:52.445Z,Good (0x00000000)
2024-06-04T16:41:04.198Z,false,2024-06-04T16:40:52.507Z,2024-06-04T16:40:52.507Z,Good (0x00000000)
2024-06-04T16:42:04.685Z,false,2024-06-04T16:41:52.988Z,2024-06-04T16:41:52.988Z,Good (0x00000000)
2024-06-04T16:43:03.953Z,false,2024-06-04T16:42:52.257Z,2024-06-04T16:42:52.257Z,Good (0x00000000)
2024-06-04T16:44:04.388Z,false,2024-06-04T16:43:52.693Z,2024-06-04T16:43:52.693Z,Good (0x00000000)
2024-06-04T16:45:04.404Z,false,2024-06-04T16:44:52.706Z,2024-06-04T16:44:52.706Z,Good (0x00000000)
2024-06-04T16:46:04.139Z,false,2024-06-04T16:45:52.440Z,2024-06-04T16:45:52.440Z,Good (0x00000000)
2024-06-04T16:47:04.560Z,false,2024-06-04T16:46:52.864Z,2024-06-04T16:46:52.864Z,Good (0x00000000)
2024-06-04T16:48:04.860Z,false,2024-06-04T16:47:53.160Z,2024-06-04T16:47:53.160Z,Good (0x00000000)
2024-06-04T16:49:03.985Z,false,2024-06-04T16:48:52.286Z,2024-06-04T16:48:52.286Z,Good (0x00000000)
2024-06-04T16:50:04.700Z,false,2024-06-04T16:49:53.001Z,2024-06-04T16:49:53.001Z,Good (0x00000000)
2024-06-04T16:51:04.441Z,false,2024-06-04T16:50:52.744Z,2024-06-04T16:50:52.744Z,Good (0x00000000)
2024-06-04T16:52:04.719Z,false,2024-06-04T16:51:53.020Z,2024-06-04T16:51:53.020Z,Good (0x00000000)
2024-06-04T16:53:04.721Z,false,2024-06-04T16:52:53.021Z,2024-06-04T16:52:53.021Z,Good (0x00000000)
2024-06-04T16:54:04.515Z,false,2024-06-04T16:53:52.816Z,2024-06-04T16:53:52.816Z,Good (0x00000000)
2024-06-04T16:55:04.335Z,false,2024-06-04T16:54:52.636Z,2024-06-04T16:54:52.635Z,Good (0x00000000)
2024-06-04T16:56:04.991Z,false,2024-06-04T16:55:53.291Z,2024-06-04T16:55:53.291Z,Good (0x00000000)
2024-06-04T16:57:04.331Z,false,2024-06-04T16:56:52.629Z,2024-06-04T16:56:52.629Z,Good (0x00000000)
2024-06-04T16:58:03.786Z,false,2024-06-04T16:57:52.093Z,2024-06-04T16:57:52.093Z,Good (0x00000000)
2024-06-04T16:59:04.635Z,false,2024-06-04T16:58:52.938Z,2024-06-04T16:58:52.938Z,Good (0x00000000)
2024-06-04T17:00:05.767Z,false,2024-06-04T16:59:54.066Z,2024-06-04T16:59:54.066Z,Good (0x00000000)
2024-06-04T17:01:04.758Z,false,2024-06-04T17:00:53.057Z,2024-06-04T17:00:53.057Z,Good (0x00000000)
2024-06-04T17:02:04.464Z,false,2024-06-04T17:01:52.760Z,2024-06-04T17:01:52.760Z,Good (0x00000000)
2024-06-04T17:03:04.755Z,false,2024-06-04T17:02:53.052Z,2024-06-04T17:02:53.052Z,Good (0x00000000)
2024-06-04T17:04:04.476Z,false,2024-06-04T17:03:52.777Z,2024-06-04T17:03:52.777Z,Good (0x00000000)
2024-06-04T17:05:04.685Z,false,2024-06-04T17:04:52.987Z,2024-06-04T17:04:52.987Z,Good (0x00000000)
2024-06-04T17:06:05.117Z,false,2024-06-04T17:05:53.413Z,2024-06-04T17:05:53.413Z,Good (0x00000000)
2024-06-04T17:07:04.040Z,false,2024-06-04T17:06:52.336Z,2024-06-04T17:06:52.336Z,Good (0x00000000)
2024-06-04T17:08:04.464Z,false,2024-06-04T17:07:52.761Z,2024-06-04T17:07:52.761Z,Good (0x00000000)
2024-06-04T17:09:03.887Z,false,2024-06-04T17:08:52.182Z,2024-06-04T17:08:52.182Z,Good (0x00000000)
2024-06-04T17:10:04.457Z,false,2024-06-04T17:09:52.754Z,2024-06-04T17:09:52.754Z,Good (0x00000000)
2024-06-04T17:11:04.387Z,false,2024-06-04T17:10:52.682Z,2024-06-04T17:10:52.682Z,Good (0x00000000)
2024-06-04T17:12:04.239Z,false,2024-06-04T17:11:52.536Z,2024-06-04T17:11:52.536Z,Good (0x00000000)
2024-06-04T17:13:04.588Z,false,2024-06-04T17:12:52.884Z,2024-06-04T17:12:52.884Z,Good (0x00000000)
2024-06-04T17:14:04.256Z,false,2024-06-04T17:13:52.550Z,2024-06-04T17:13:52.550Z,Good (0x00000000)
2024-06-04T17:15:04.782Z,false,2024-06-04T17:14:53.078Z,2024-06-04T17:14:53.078Z,Good (0x00000000)
2024-06-04T17:16:04.549Z,false,2024-06-04T17:15:52.847Z,2024-06-04T17:15:52.847Z,Good (0x00000000)
2024-06-04T17:17:04.890Z,false,2024-06-04T17:16:53.183Z,2024-06-04T17:16:53.183Z,Good (0x00000000)
2024-06-04T17:18:04.512Z,false,2024-06-04T17:17:52.806Z,2024-06-04T17:17:52.806Z,Good (0x00000000)
2024-06-04T17:19:04.173Z,false,2024-06-04T17:18:52.466Z,2024-06-04T17:18:52.466Z,Good (0x00000000)
2024-06-04T17:20:04.500Z,false,2024-06-04T17:19:52.797Z,2024-06-04T17:19:52.797Z,Good (0x00000000)
2024-06-04T17:21:04.314Z,false,2024-06-04T17:20:52.607Z,2024-06-04T17:20:52.607Z,Good (0x00000000)
2024-06-04T17:22:04.737Z,false,2024-06-04T17:21:53.028Z,2024-06-04T17:21:53.028Z,Good (0x00000000)
2024-06-04T17:23:04.609Z,false,2024-06-04T17:22:52.903Z,2024-06-04T17:22:52.903Z,Good (0x00000000)
2024-06-04T17:24:04.734Z,false,2024-06-04T17:23:53.027Z,2024-06-04T17:23:53.027Z,Good (0x00000000)
2024-06-04T17:25:04.668Z,false,2024-06-04T17:24:52.960Z,2024-06-04T17:24:52.960Z,Good (0x00000000)
2024-06-04T17:26:04.852Z,false,2024-06-04T17:25:53.144Z,2024-06-04T17:25:53.144Z,Good (0x00000000)
2024-06-04T17:27:04.392Z,false,2024-06-04T17:26:52.696Z,2024-06-04T17:26:52.696Z,Good (0x00000000)
2024-06-04T17:28:04.420Z,false,2024-06-04T17:27:52.712Z,2024-06-04T17:27:52.712Z,Good (0x00000000)
2024-06-04T17:29:04.849Z,false,2024-06-04T17:28:53.138Z,2024-06-04T17:28:53.138Z,Good (0x00000000)
2024-06-04T17:30:04.784Z,false,2024-06-04T17:29:53.078Z,2024-06-04T17:29:53.078Z,Good (0x00000000)
2024-06-04T17:31:03.953Z,false,2024-06-04T17:30:52.247Z,2024-06-04T17:30:52.247Z,Good (0x00000000)
2024-06-04T17:32:04.599Z,false,2024-06-04T17:31:52.888Z,2024-06-04T17:31:52.888Z,Good (0x00000000)
2024-06-04T17:33:04.118Z,false,2024-06-04T17:32:52.406Z,2024-06-04T17:32:52.406Z,Good (0x00000000)
2024-06-04T17:34:04.535Z,false,2024-06-04T17:33:52.824Z,2024-06-04T17:33:52.824Z,Good (0x00000000)
2024-06-04T17:35:04.365Z,false,2024-06-04T17:34:52.654Z,2024-06-04T17:34:52.654Z,Good (0x00000000)
2024-06-04T17:36:04.371Z,false,2024-06-04T17:35:52.658Z,2024-06-04T17:35:52.658Z,Good (0x00000000)
2024-06-04T17:37:04.384Z,false,2024-06-04T17:36:52.671Z,2024-06-04T17:36:52.671Z,Good (0x00000000)
2024-06-04T17:38:04.536Z,false,2024-06-04T17:37:52.826Z,2024-06-04T17:37:52.826Z,Good (0x00000000)
2024-06-04T17:39:04.834Z,false,2024-06-04T17:38:53.121Z,2024-06-04T17:38:53.121Z,Good (0x00000000)
2024-06-04T17:40:04.802Z,false,2024-06-04T17:39:53.094Z,2024-06-04T17:39:53.094Z,Good (0x00000000)
2024-06-04T17:41:04.399Z,false,2024-06-04T17:40:52.690Z,2024-06-04T17:40:52.690Z,Good (0x00000000)
2024-06-04T17:42:04.248Z,false,2024-06-04T17:41:52.545Z,2024-06-04T17:41:52.544Z,Good (0x00000000)
2024-06-04T17:43:03.818Z,false,2024-06-04T17:42:52.105Z,2024-06-04T17:42:52.105Z,Good (0x00000000)
2024-06-04T17:44:04.015Z,false,2024-06-04T17:43:52.311Z,2024-06-04T17:43:52.311Z,Good (0x00000000)
2024-06-04T17:45:04.487Z,false,2024-06-04T17:44:52.773Z,2024-06-04T17:44:52.773Z,Good (0x00000000)
2024-06-04T17:46:04.550Z,false,2024-06-04T17:45:52.836Z,2024-06-04T17:45:52.836Z,Good (0x00000000)
2024-06-04T17:47:04.492Z,false,2024-06-04T17:46:52.778Z,2024-06-04T17:46:52.778Z,Good (0x00000000)
2024-06-04T17:48:04.871Z,false,2024-06-04T17:47:53.157Z,2024-06-04T17:47:53.157Z,Good (0x00000000)
2024-06-04T17:49:04.235Z,false,2024-06-04T17:48:52.542Z,2024-06-04T17:48:52.541Z,Good (0x00000000)
2024-06-04T17:50:04.492Z,false,2024-06-04T17:49:52.778Z,2024-06-04T17:49:52.778Z,Good (0x00000000)
2024-06-04T17:51:04.339Z,false,2024-06-04T17:50:52.626Z,2024-06-04T17:50:52.626Z,Good (0x00000000)
2024-06-04T17:52:04.653Z,false,2024-06-04T17:51:52.939Z,2024-06-04T17:51:52.939Z,Good (0x00000000)
2024-06-04T17:53:04.809Z,false,2024-06-04T17:52:53.095Z,2024-06-04T17:52:53.095Z,Good (0x00000000)
2024-06-04T17:54:04.423Z,false,2024-06-04T17:53:52.714Z,2024-06-04T17:53:52.714Z,Good (0x00000000)
2024-06-04T17:55:04.689Z,false,2024-06-04T17:54:52.972Z,2024-06-04T17:54:52.972Z,Good (0x00000000)
2024-06-04T17:56:04.394Z,false,2024-06-04T17:55:52.679Z,2024-06-04T17:55:52.678Z,Good (0x00000000)
2024-06-04T17:57:04.432Z,false,2024-06-04T17:56:52.722Z,2024-06-04T17:56:52.722Z,Good (0x00000000)
2024-06-04T17:58:04.391Z,false,2024-06-04T17:57:52.675Z,2024-06-04T17:57:52.675Z,Good (0x00000000)
2024-06-04T17:59:03.834Z,false,2024-06-04T17:58:52.120Z,2024-06-04T17:58:52.120Z,Good (0x00000000)
2024-06-04T18:00:06.061Z,false,2024-06-04T17:59:54.363Z,2024-06-04T17:59:54.363Z,Good (0x00000000)
2024-06-04T18:01:05.023Z,false,2024-06-04T18:00:53.309Z,2024-06-04T18:00:53.309Z,Good (0x00000000)
2024-06-04T18:02:04.476Z,false,2024-06-04T18:01:52.759Z,2024-06-04T18:01:52.759Z,Good (0x00000000)
2024-06-04T18:03:04.624Z,false,2024-06-04T18:02:52.911Z,2024-06-04T18:02:52.911Z,Good (0x00000000)
2024-06-04T18:04:04.288Z,false,2024-06-04T18:03:52.569Z,2024-06-04T18:03:52.569Z,Good (0x00000000)
2024-06-04T18:05:04.990Z,false,2024-06-04T18:04:53.270Z,2024-06-04T18:04:53.270Z,Good (0x00000000)
2024-06-04T18:06:04.405Z,false,2024-06-04T18:05:52.687Z,2024-06-04T18:05:52.687Z,Good (0x00000000)
2024-06-04T18:07:04.296Z,false,2024-06-04T18:06:52.575Z,2024-06-04T18:06:52.575Z,Good (0x00000000)
2024-06-04T18:08:04.731Z,false,2024-06-04T18:07:53.011Z,2024-06-04T18:07:53.011Z,Good (0x00000000)
2024-06-04T18:09:04.486Z,false,2024-06-04T18:08:52.766Z,2024-06-04T18:08:52.766Z,Good (0x00000000)
2024-06-04T18:10:04.480Z,false,2024-06-04T18:09:52.770Z,2024-06-04T18:09:52.770Z,Good (0x00000000)
2024-06-04T18:11:04.653Z,false,2024-06-04T18:10:52.935Z,2024-06-04T18:10:52.934Z,Good (0x00000000)
2024-06-04T18:12:03.990Z,false,2024-06-04T18:11:52.270Z,2024-06-04T18:11:52.270Z,Good (0x00000000)
2024-06-04T18:13:04.808Z,false,2024-06-04T18:12:53.095Z,2024-06-04T18:12:53.095Z,Good (0x00000000)
2024-06-04T18:14:04.634Z,false,2024-06-04T18:13:52.920Z,2024-06-04T18:13:52.920Z,Good (0x00000000)
2024-06-04T18:15:04.959Z,false,2024-06-04T18:14:53.245Z,2024-06-04T18:14:53.245Z,Good (0x00000000)
2024-06-04T18:16:04.449Z,false,2024-06-04T18:15:52.729Z,2024-06-04T18:15:52.729Z,Good (0x00000000)
2024-06-04T18:17:04.636Z,false,2024-06-04T18:16:52.913Z,2024-06-04T18:16:52.913Z,Good (0x00000000)
2024-06-04T18:18:04.290Z,false,2024-06-04T18:17:52.567Z,2024-06-04T18:17:52.567Z,Good (0x00000000)
2024-06-04T18:19:04.936Z,false,2024-06-04T18:18:53.215Z,2024-06-04T18:18:53.214Z,Good (0x00000000)
2024-06-04T18:20:04.420Z,false,2024-06-04T18:19:52.700Z,2024-06-04T18:19:52.700Z,Good (0x00000000)
2024-06-04T18:21:04.264Z,false,2024-06-04T18:20:52.540Z,2024-06-04T18:20:52.540Z,Good (0x00000000)
2024-06-04T18:22:04.096Z,false,2024-06-04T18:21:52.372Z,2024-06-04T18:21:52.372Z,Good (0x00000000)
2024-06-04T18:23:04.405Z,false,2024-06-04T18:22:52.685Z,2024-06-04T18:22:52.685Z,Good (0x00000000)
2024-06-04T18:24:04.571Z,false,2024-06-04T18:23:52.849Z,2024-06-04T18:23:52.849Z,Good (0x00000000)
2024-06-04T18:25:04.165Z,false,2024-06-04T18:24:52.443Z,2024-06-04T18:24:52.443Z,Good (0x00000000)
2024-06-04T18:26:04.500Z,false,2024-06-04T18:25:52.777Z,2024-06-04T18:25:52.777Z,Good (0x00000000)
2024-06-04T18:27:04.484Z,false,2024-06-04T18:26:52.760Z,2024-06-04T18:26:52.760Z,Good (0x00000000)
2024-06-04T18:28:04.217Z,false,2024-06-04T18:27:52.501Z,2024-06-04T18:27:52.501Z,Good (0x00000000)
2024-06-04T18:29:04.620Z,false,2024-06-04T18:28:52.897Z,2024-06-04T18:28:52.896Z,Good (0x00000000)
2024-06-04T18:30:04.772Z,false,2024-06-04T18:29:53.050Z,2024-06-04T18:29:53.050Z,Good (0x00000000)
2024-06-04T18:31:04.110Z,false,2024-06-04T18:30:52.388Z,2024-06-04T18:30:52.388Z,Good (0x00000000)
2024-06-04T18:32:04.646Z,false,2024-06-04T18:31:52.920Z,2024-06-04T18:31:52.919Z,Good (0x00000000)
2024-06-04T18:33:04.238Z,false,2024-06-04T18:32:52.516Z,2024-06-04T18:32:52.516Z,Good (0x00000000)
2024-06-04T18:34:04.088Z,false,2024-06-04T18:33:52.361Z,2024-06-04T18:33:52.361Z,Good (0x00000000)
2024-06-04T18:35:04.393Z,false,2024-06-04T18:34:52.667Z,2024-06-04T18:34:52.667Z,Good (0x00000000)
2024-06-04T18:36:04.307Z,false,2024-06-04T18:35:52.582Z,2024-06-04T18:35:52.582Z,Good (0x00000000)
2024-06-04T18:37:04.062Z,false,2024-06-04T18:36:52.335Z,2024-06-04T18:36:52.335Z,Good (0x00000000)
2024-06-04T18:38:04.077Z,false,2024-06-04T18:37:52.349Z,2024-06-04T18:37:52.349Z,Good (0x00000000)
2024-06-04T18:39:04.572Z,false,2024-06-04T18:38:52.846Z,2024-06-04T18:38:52.846Z,Good (0x00000000)
2024-06-04T18:40:04.252Z,false,2024-06-04T18:39:52.531Z,2024-06-04T18:39:52.530Z,Good (0x00000000)
2024-06-04T18:41:04.220Z,false,2024-06-04T18:40:52.493Z,2024-06-04T18:40:52.493Z,Good (0x00000000)
2024-06-04T18:42:04.600Z,false,2024-06-04T18:41:52.874Z,2024-06-04T18:41:52.874Z,Good (0x00000000)
2024-06-04T18:43:04.157Z,false,2024-06-04T18:42:52.428Z,2024-06-04T18:42:52.428Z,Good (0x00000000)
2024-06-04T18:44:04.217Z,false,2024-06-04T18:43:52.506Z,2024-06-04T18:43:52.506Z,Good (0x00000000)
2024-06-04T18:45:04.208Z,false,2024-06-04T18:44:52.479Z,2024-06-04T18:44:52.479Z,Good (0x00000000)
2024-06-04T18:46:04.729Z,false,2024-06-04T18:45:53.001Z,2024-06-04T18:45:53.000Z,Good (0x00000000)
2024-06-04T18:47:04.463Z,false,2024-06-04T18:46:52.741Z,2024-06-04T18:46:52.741Z,Good (0x00000000)
2024-06-04T18:48:04.456Z,false,2024-06-04T18:47:52.729Z,2024-06-04T18:47:52.729Z,Good (0x00000000)
2024-06-04T18:49:04.045Z,false,2024-06-04T18:48:52.316Z,2024-06-04T18:48:52.316Z,Good (0x00000000)
2024-06-04T18:50:04.906Z,false,2024-06-04T18:49:53.177Z,2024-06-04T18:49:53.177Z,Good (0x00000000)
2024-06-04T18:51:04.671Z,false,2024-06-04T18:50:52.940Z,2024-06-04T18:50:52.940Z,Good (0x00000000)
2024-06-04T18:52:05.215Z,false,2024-06-04T18:51:53.485Z,2024-06-04T18:51:53.485Z,Good (0x00000000)
2024-06-04T18:53:03.729Z,false,2024-06-04T18:52:51.999Z,2024-06-04T18:52:51.999Z,Good (0x00000000)
2024-06-04T18:54:04.179Z,false,2024-06-04T18:53:52.449Z,2024-06-04T18:53:52.449Z,Good (0x00000000)
2024-06-04T18:55:04.414Z,false,2024-06-04T18:54:52.682Z,2024-06-04T18:54:52.682Z,Good (0x00000000)
2024-06-04T18:56:04.582Z,false,2024-06-04T18:55:52.851Z,2024-06-04T18:55:52.851Z,Good (0x00000000)
2024-06-04T18:57:04.039Z,false,2024-06-04T18:56:52.306Z,2024-06-04T18:56:52.306Z,Good (0x00000000)
2024-06-04T18:58:03.997Z,false,2024-06-04T18:57:52.265Z,2024-06-04T18:57:52.265Z,Good (0x00000000)
2024-06-04T18:59:03.951Z,false,2024-06-04T18:58:52.220Z,2024-06-04T18:58:52.220Z,Good (0x00000000)
2024-06-04T19:00:06.553Z,false,2024-06-04T18:59:54.819Z,2024-06-04T18:59:54.819Z,Good (0x00000000)
2024-06-04T19:01:05.006Z,false,2024-06-04T19:00:53.274Z,2024-06-04T19:00:53.274Z,Good (0x00000000)
2024-06-04T19:02:04.515Z,false,2024-06-04T19:01:52.783Z,2024-06-04T19:01:52.783Z,Good (0x00000000)
2024-06-04T19:03:04.610Z,false,2024-06-04T19:02:52.876Z,2024-06-04T19:02:52.876Z,Good (0x00000000)
2024-06-04T19:04:04.535Z,false,2024-06-04T19:03:52.801Z,2024-06-04T19:03:52.801Z,Good (0x00000000)
2024-06-04T19:05:04.576Z,false,2024-06-04T19:04:52.843Z,2024-06-04T19:04:52.843Z,Good (0x00000000)
2024-06-04T19:06:04.504Z,false,2024-06-04T19:05:52.771Z,2024-06-04T19:05:52.771Z,Good (0x00000000)
2024-06-04T19:07:04.144Z,false,2024-06-04T19:06:52.410Z,2024-06-04T19:06:52.410Z,Good (0x00000000)
2024-06-04T19:08:03.958Z,false,2024-06-04T19:07:52.220Z,2024-06-04T19:07:52.220Z,Good (0x00000000)
2024-06-04T19:09:04.270Z,false,2024-06-04T19:08:52.541Z,2024-06-04T19:08:52.541Z,Good (0x00000000)
2024-06-04T19:10:04.367Z,false,2024-06-04T19:09:52.631Z,2024-06-04T19:09:52.631Z,Good (0x00000000)
2024-06-04T19:11:04.359Z,false,2024-06-04T19:10:52.623Z,2024-06-04T19:10:52.623Z,Good (0x00000000)
2024-06-04T19:12:04.277Z,false,2024-06-04T19:11:52.540Z,2024-06-04T19:11:52.540Z,Good (0x00000000)
2024-06-04T19:13:05.336Z,false,2024-06-04T19:12:53.599Z,2024-06-04T19:12:53.599Z,Good (0x00000000)
2024-06-04T19:14:04.712Z,false,2024-06-04T19:13:52.986Z,2024-06-04T19:13:52.986Z,Good (0x00000000)
2024-06-04T19:15:04.315Z,false,2024-06-04T19:14:52.592Z,2024-06-04T19:14:52.592Z,Good (0x00000000)
2024-06-04T19:16:04.815Z,false,2024-06-04T19:15:53.076Z,2024-06-04T19:15:53.076Z,Good (0x00000000)
2024-06-04T19:17:04.227Z,false,2024-06-04T19:16:52.490Z,2024-06-04T19:16:52.490Z,Good (0x00000000)
2024-06-04T19:18:04.892Z,false,2024-06-04T19:17:53.154Z,2024-06-04T19:17:53.154Z,Good (0x00000000)
2024-06-04T19:19:04.389Z,false,2024-06-04T19:18:52.652Z,2024-06-04T19:18:52.652Z,Good (0x00000000)
2024-06-04T19:20:04.055Z,false,2024-06-04T19:19:52.315Z,2024-06-04T19:19:52.315Z,Good (0x00000000)
2024-06-04T19:21:04.132Z,false,2024-06-04T19:20:52.393Z,2024-06-04T19:20:52.393Z,Good (0x00000000)
2024-06-04T19:22:04.439Z,false,2024-06-04T19:21:52.707Z,2024-06-04T19:21:52.707Z,Good (0x00000000)
2024-06-04T19:23:04.140Z,false,2024-06-04T19:22:52.401Z,2024-06-04T19:22:52.401Z,Good (0x00000000)
2024-06-04T19:24:04.102Z,false,2024-06-04T19:23:52.363Z,2024-06-04T19:23:52.363Z,Good (0x00000000)
2024-06-04T19:25:04.403Z,false,2024-06-04T19:24:52.664Z,2024-06-04T19:24:52.664Z,Good (0x00000000)
2024-06-04T19:26:05.063Z,false,2024-06-04T19:25:53.324Z,2024-06-04T19:25:53.324Z,Good (0x00000000)
2024-06-04T19:27:04.053Z,false,2024-06-04T19:26:52.314Z,2024-06-04T19:26:52.314Z,Good (0x00000000)
2024-06-04T19:28:04.536Z,false,2024-06-04T19:27:52.796Z,2024-06-04T19:27:52.796Z,Good (0x00000000)
2024-06-04T19:29:03.930Z,false,2024-06-04T19:28:52.192Z,2024-06-04T19:28:52.192Z,Good (0x00000000)
2024-06-04T19:30:05.260Z,false,2024-06-04T19:29:53.517Z,2024-06-04T19:29:53.517Z,Good (0x00000000)
2024-06-04T19:31:04.310Z,false,2024-06-04T19:30:52.567Z,2024-06-04T19:30:52.567Z,Good (0x00000000)
2024-06-04T19:32:04.842Z,false,2024-06-04T19:31:53.102Z,2024-06-04T19:31:53.102Z,Good (0x00000000)
2024-06-04T19:33:03.757Z,false,2024-06-04T19:32:52.014Z,2024-06-04T19:32:52.014Z,Good (0x00000000)
2024-06-04T19:34:04.044Z,false,2024-06-04T19:33:52.302Z,2024-06-04T19:33:52.302Z,Good (0x00000000)
2024-06-04T19:35:04.364Z,false,2024-06-04T19:34:52.622Z,2024-06-04T19:34:52.622Z,Good (0x00000000)
2024-06-04T19:36:04.443Z,false,2024-06-04T19:35:52.703Z,2024-06-04T19:35:52.703Z,Good (0x00000000)
2024-06-04T19:37:04.823Z,false,2024-06-04T19:36:53.083Z,2024-06-04T19:36:53.083Z,Good (0x00000000)
2024-06-04T19:38:04.130Z,false,2024-06-04T19:37:52.389Z,2024-06-04T19:37:52.389Z,Good (0x00000000)
2024-06-04T19:39:04.978Z,false,2024-06-04T19:38:53.235Z,2024-06-04T19:38:53.235Z,Good (0x00000000)
2024-06-04T19:40:04.588Z,false,2024-06-04T19:39:52.843Z,2024-06-04T19:39:52.843Z,Good (0x00000000)
2024-06-04T19:41:03.957Z,false,2024-06-04T19:40:52.213Z,2024-06-04T19:40:52.213Z,Good (0x00000000)
2024-06-04T19:42:04.358Z,false,2024-06-04T19:41:52.614Z,2024-06-04T19:41:52.614Z,Good (0x00000000)
2024-06-04T19:43:04.660Z,false,2024-06-04T19:42:52.922Z,2024-06-04T19:42:52.922Z,Good (0x00000000)
2024-06-04T19:44:04.849Z,false,2024-06-04T19:43:53.111Z,2024-06-04T19:43:53.111Z,Good (0x00000000)
2024-06-04T19:45:04.398Z,false,2024-06-04T19:44:52.655Z,2024-06-04T19:44:52.655Z,Good (0x00000000)
2024-06-04T19:46:04.390Z,false,2024-06-04T19:45:52.649Z,2024-06-04T19:45:52.649Z,Good (0x00000000)
2024-06-04T19:47:04.522Z,false,2024-06-04T19:46:52.777Z,2024-06-04T19:46:52.777Z,Good (0x00000000)
2024-06-04T19:48:04.249Z,false,2024-06-04T19:47:52.507Z,2024-06-04T19:47:52.507Z,Good (0x00000000)
2024-06-04T19:49:04.276Z,false,2024-06-04T19:48:52.529Z,2024-06-04T19:48:52.529Z,Good (0x00000000)
2024-06-04T19:50:04.348Z,false,2024-06-04T19:49:52.603Z,2024-06-04T19:49:52.603Z,Good (0x00000000)
2024-06-04T19:51:04.108Z,false,2024-06-04T19:50:52.362Z,2024-06-04T19:50:52.362Z,Good (0x00000000)
2024-06-04T19:52:04.712Z,false,2024-06-04T19:51:52.965Z,2024-06-04T19:51:52.965Z,Good (0x00000000)
2024-06-04T19:53:04.694Z,false,2024-06-04T19:52:52.952Z,2024-06-04T19:52:52.952Z,Good (0x00000000)
2024-06-04T19:54:04.319Z,false,2024-06-04T19:53:52.573Z,2024-06-04T19:53:52.573Z,Good (0x00000000)
2024-06-04T19:55:04.809Z,false,2024-06-04T19:54:53.064Z,2024-06-04T19:54:53.064Z,Good (0x00000000)
2024-06-04T19:56:04.028Z,false,2024-06-04T19:55:52.281Z,2024-06-04T19:55:52.281Z,Good (0x00000000)
2024-06-04T19:57:04.331Z,false,2024-06-04T19:56:52.585Z,2024-06-04T19:56:52.585Z,Good (0x00000000)
2024-06-04T19:58:04.079Z,false,2024-06-04T19:57:52.337Z,2024-06-04T19:57:52.337Z,Good (0x00000000)
2024-06-04T19:59:03.714Z,false,2024-06-04T19:58:51.970Z,2024-06-04T19:58:51.970Z,Good (0x00000000)
2024-06-04T20:00:04.886Z,false,2024-06-04T19:59:53.139Z,2024-06-04T19:59:53.139Z,Good (0x00000000)
2024-06-04T20:01:04.924Z,false,2024-06-04T20:00:53.177Z,2024-06-04T20:00:53.177Z,Good (0x00000000)
2024-06-04T20:02:03.989Z,false,2024-06-04T20:01:52.241Z,2024-06-04T20:01:52.241Z,Good (0x00000000)
2024-06-04T20:03:03.943Z,false,2024-06-04T20:02:52.196Z,2024-06-04T20:02:52.196Z,Good (0x00000000)
2024-06-04T20:04:04.383Z,false,2024-06-04T20:03:52.645Z,2024-06-04T20:03:52.645Z,Good (0x00000000)
2024-06-04T20:05:04.760Z,false,2024-06-04T20:04:53.010Z,2024-06-04T20:04:53.010Z,Good (0x00000000)
2024-06-04T20:06:04.931Z,false,2024-06-04T20:05:53.181Z,2024-06-04T20:05:53.181Z,Good (0x00000000)
2024-06-04T20:07:04.163Z,false,2024-06-04T20:06:52.415Z,2024-06-04T20:06:52.415Z,Good (0x00000000)
2024-06-04T20:08:04.172Z,false,2024-06-04T20:07:52.443Z,2024-06-04T20:07:52.443Z,Good (0x00000000)
2024-06-04T20:09:04.522Z,false,2024-06-04T20:08:52.773Z,2024-06-04T20:08:52.773Z,Good (0x00000000)
2024-06-04T20:10:04.725Z,false,2024-06-04T20:09:52.975Z,2024-06-04T20:09:52.975Z,Good (0x00000000)
2024-06-04T20:11:03.791Z,false,2024-06-04T20:10:52.038Z,2024-06-04T20:10:52.038Z,Good (0x00000000)
2024-06-04T20:12:04.089Z,false,2024-06-04T20:11:52.337Z,2024-06-04T20:11:52.337Z,Good (0x00000000)
2024-06-04T20:13:04.128Z,false,2024-06-04T20:12:52.379Z,2024-06-04T20:12:52.378Z,Good (0x00000000)
2024-06-04T20:14:04.132Z,false,2024-06-04T20:13:52.400Z,2024-06-04T20:13:52.400Z,Good (0x00000000)
2024-06-04T20:15:05.071Z,false,2024-06-04T20:14:53.318Z,2024-06-04T20:14:53.318Z,Good (0x00000000)
2024-06-04T20:16:03.965Z,false,2024-06-04T20:15:52.211Z,2024-06-04T20:15:52.211Z,Good (0x00000000)
2024-06-04T20:17:04.402Z,false,2024-06-04T20:16:52.649Z,2024-06-04T20:16:52.649Z,Good (0x00000000)
2024-06-04T20:18:04.461Z,false,2024-06-04T20:17:52.707Z,2024-06-04T20:17:52.707Z,Good (0x00000000)
2024-06-04T20:19:04.622Z,false,2024-06-04T20:18:52.871Z,2024-06-04T20:18:52.871Z,Good (0x00000000)
2024-06-04T20:20:04.814Z,false,2024-06-04T20:19:53.062Z,2024-06-04T20:19:53.062Z,Good (0x00000000)
2024-06-04T20:21:04.274Z,false,2024-06-04T20:20:52.518Z,2024-06-04T20:20:52.518Z,Good (0x00000000)
2024-06-04T20:22:04.454Z,false,2024-06-04T20:21:52.701Z,2024-06-04T20:21:52.701Z,Good (0x00000000)
2024-06-04T20:23:04.640Z,false,2024-06-04T20:22:52.911Z,2024-06-04T20:22:52.911Z,Good (0x00000000)
2024-06-04T20:24:04.104Z,false,2024-06-04T20:23:52.353Z,2024-06-04T20:23:52.353Z,Good (0x00000000)
2024-06-04T20:25:04.295Z,false,2024-06-04T20:24:52.540Z,2024-06-04T20:24:52.539Z,Good (0x00000000)
2024-06-04T20:26:04.765Z,false,2024-06-04T20:25:53.011Z,2024-06-04T20:25:53.011Z,Good (0x00000000)
2024-06-04T20:27:04.229Z,false,2024-06-04T20:26:52.473Z,2024-06-04T20:26:52.473Z,Good (0x00000000)
2024-06-04T20:28:04.860Z,false,2024-06-04T20:27:53.104Z,2024-06-04T20:27:53.104Z,Good (0x00000000)
2024-06-04T20:29:04.187Z,false,2024-06-04T20:28:52.440Z,2024-06-04T20:28:52.440Z,Good (0x00000000)
2024-06-04T20:30:04.672Z,false,2024-06-04T20:29:52.922Z,2024-06-04T20:29:52.922Z,Good (0x00000000)
2024-06-04T20:31:04.468Z,false,2024-06-04T20:30:52.713Z,2024-06-04T20:30:52.713Z,Good (0x00000000)
2024-06-04T20:32:04.370Z,false,2024-06-04T20:31:52.617Z,2024-06-04T20:31:52.617Z,Good (0x00000000)
2024-06-04T20:33:04.320Z,false,2024-06-04T20:32:52.565Z,2024-06-04T20:32:52.565Z,Good (0x00000000)
2024-06-04T20:34:04.217Z,false,2024-06-04T20:33:52.461Z,2024-06-04T20:33:52.461Z,Good (0x00000000)
2024-06-04T20:35:04.476Z,false,2024-06-04T20:34:52.721Z,2024-06-04T20:34:52.721Z,Good (0x00000000)
2024-06-04T20:36:04.523Z,false,2024-06-04T20:35:52.767Z,2024-06-04T20:35:52.766Z,Good (0x00000000)
2024-06-04T20:37:04.342Z,false,2024-06-04T20:36:52.585Z,2024-06-04T20:36:52.585Z,Good (0x00000000)
2024-06-04T20:38:04.837Z,false,2024-06-04T20:37:53.078Z,2024-06-04T20:37:53.078Z,Good (0x00000000)
2024-06-04T20:39:04.341Z,false,2024-06-04T20:38:52.583Z,2024-06-04T20:38:52.582Z,Good (0x00000000)
2024-06-04T20:40:04.657Z,false,2024-06-04T20:39:52.899Z,2024-06-04T20:39:52.899Z,Good (0x00000000)
2024-06-04T20:41:04.452Z,false,2024-06-04T20:40:52.699Z,2024-06-04T20:40:52.699Z,Good (0x00000000)
2024-06-04T20:42:04.728Z,false,2024-06-04T20:41:52.969Z,2024-06-04T20:41:52.969Z,Good (0x00000000)
2024-06-04T20:43:04.564Z,false,2024-06-04T20:42:52.808Z,2024-06-04T20:42:52.807Z,Good (0x00000000)
2024-06-04T20:44:04.531Z,false,2024-06-04T20:43:52.771Z,2024-06-04T20:43:52.770Z,Good (0x00000000)
2024-06-04T20:45:04.453Z,false,2024-06-04T20:44:52.693Z,2024-06-04T20:44:52.693Z,Good (0x00000000)
2024-06-04T20:46:03.729Z,false,2024-06-04T20:45:51.969Z,2024-06-04T20:45:51.969Z,Good (0x00000000)
2024-06-04T20:47:04.054Z,false,2024-06-04T20:46:52.297Z,2024-06-04T20:46:52.297Z,Good (0x00000000)
2024-06-04T20:48:04.011Z,false,2024-06-04T20:47:52.255Z,2024-06-04T20:47:52.255Z,Good (0x00000000)
2024-06-04T20:49:04.430Z,false,2024-06-04T20:48:52.670Z,2024-06-04T20:48:52.670Z,Good (0x00000000)
2024-06-04T20:50:04.474Z,false,2024-06-04T20:49:52.716Z,2024-06-04T20:49:52.716Z,Good (0x00000000)
2024-06-04T20:51:03.803Z,false,2024-06-04T20:50:52.044Z,2024-06-04T20:50:52.044Z,Good (0x00000000)
2024-06-04T20:52:04.655Z,false,2024-06-04T20:51:52.893Z,2024-06-04T20:51:52.893Z,Good (0x00000000)
2024-06-04T20:53:03.681Z,false,2024-06-04T20:52:51.919Z,2024-06-04T20:52:51.919Z,Good (0x00000000)
2024-06-04T20:54:04.188Z,false,2024-06-04T20:53:52.425Z,2024-06-04T20:53:52.425Z,Good (0x00000000)
2024-06-04T20:55:04.657Z,false,2024-06-04T20:54:52.897Z,2024-06-04T20:54:52.897Z,Good (0x00000000)
2024-06-04T20:56:04.532Z,false,2024-06-04T20:55:52.769Z,2024-06-04T20:55:52.769Z,Good (0x00000000)
2024-06-04T20:57:04.536Z,false,2024-06-04T20:56:52.773Z,2024-06-04T20:56:52.773Z,Good (0x00000000)
2024-06-04T20:58:04.178Z,false,2024-06-04T20:57:52.415Z,2024-06-04T20:57:52.415Z,Good (0x00000000)
2024-06-04T20:59:05.022Z,false,2024-06-04T20:58:53.260Z,2024-06-04T20:58:53.260Z,Good (0x00000000)
2024-06-04T21:00:06.552Z,false,2024-06-04T20:59:54.790Z,2024-06-04T20:59:54.790Z,Good (0x00000000)
2024-06-04T21:01:04.472Z,false,2024-06-04T21:00:52.715Z,2024-06-04T21:00:52.715Z,Good (0x00000000)
2024-06-04T21:02:04.444Z,false,2024-06-04T21:01:52.682Z,2024-06-04T21:01:52.681Z,Good (0x00000000)
2024-06-04T21:03:04.288Z,false,2024-06-04T21:02:52.524Z,2024-06-04T21:02:52.524Z,Good (0x00000000)
2024-06-04T21:04:04.402Z,false,2024-06-04T21:03:52.639Z,2024-06-04T21:03:52.639Z,Good (0x00000000)
2024-06-04T21:05:04.630Z,false,2024-06-04T21:04:52.866Z,2024-06-04T21:04:52.866Z,Good (0x00000000)
2024-06-04T21:06:04.652Z,false,2024-06-04T21:05:52.889Z,2024-06-04T21:05:52.889Z,Good (0x00000000)
2024-06-04T21:07:04.124Z,false,2024-06-04T21:06:52.359Z,2024-06-04T21:06:52.359Z,Good (0x00000000)
2024-06-04T21:08:03.620Z,false,2024-06-04T21:07:51.855Z,2024-06-04T21:07:51.855Z,Good (0x00000000)
2024-06-04T21:09:04.021Z,false,2024-06-04T21:08:52.265Z,2024-06-04T21:08:52.265Z,Good (0x00000000)
2024-06-04T21:10:04.288Z,false,2024-06-04T21:09:52.522Z,2024-06-04T21:09:52.522Z,Good (0x00000000)
2024-06-04T21:11:04.143Z,false,2024-06-04T21:10:52.381Z,2024-06-04T21:10:52.381Z,Good (0x00000000)
2024-06-04T21:12:04.351Z,false,2024-06-04T21:11:52.584Z,2024-06-04T21:11:52.583Z,Good (0x00000000)
2024-06-04T21:13:04.435Z,false,2024-06-04T21:12:52.667Z,2024-06-04T21:12:52.667Z,Good (0x00000000)
2024-06-04T21:14:04.504Z,false,2024-06-04T21:13:52.738Z,2024-06-04T21:13:52.738Z,Good (0x00000000)
2024-06-04T21:15:04.761Z,false,2024-06-04T21:14:52.995Z,2024-06-04T21:14:52.994Z,Good (0x00000000)
2024-06-04T21:16:04.067Z,false,2024-06-04T21:15:52.300Z,2024-06-04T21:15:52.300Z,Good (0x00000000)
2024-06-04T21:17:04.379Z,false,2024-06-04T21:16:52.614Z,2024-06-04T21:16:52.614Z,Good (0x00000000)
2024-06-04T21:18:04.258Z,false,2024-06-04T21:17:52.489Z,2024-06-04T21:17:52.489Z,Good (0x00000000)
2024-06-04T21:19:04.255Z,false,2024-06-04T21:18:52.484Z,2024-06-04T21:18:52.484Z,Good (0x00000000)
2024-06-04T21:20:04.447Z,false,2024-06-04T21:19:52.677Z,2024-06-04T21:19:52.677Z,Good (0x00000000)
2024-06-04T21:21:04.239Z,false,2024-06-04T21:20:52.471Z,2024-06-04T21:20:52.471Z,Good (0x00000000)
2024-06-04T21:22:04.625Z,false,2024-06-04T21:21:52.854Z,2024-06-04T21:21:52.854Z,Good (0x00000000)
2024-06-04T21:23:03.963Z,false,2024-06-04T21:22:52.191Z,2024-06-04T21:22:52.191Z,Good (0x00000000)
2024-06-04T21:24:04.057Z,false,2024-06-04T21:23:52.288Z,2024-06-04T21:23:52.288Z,Good (0x00000000)
2024-06-04T21:25:04.215Z,false,2024-06-04T21:24:52.445Z,2024-06-04T21:24:52.445Z,Good (0x00000000)
2024-06-04T21:26:04.771Z,false,2024-06-04T21:25:53.003Z,2024-06-04T21:25:53.003Z,Good (0x00000000)
2024-06-04T21:27:05.516Z,false,2024-06-04T21:26:53.747Z,2024-06-04T21:26:53.747Z,Good (0x00000000)
2024-06-04T21:28:03.962Z,false,2024-06-04T21:27:52.190Z,2024-06-04T21:27:52.190Z,Good (0x00000000)
2024-06-04T21:29:04.321Z,false,2024-06-04T21:28:52.550Z,2024-06-04T21:28:52.550Z,Good (0x00000000)
2024-06-04T21:30:04.793Z,false,2024-06-04T21:29:53.022Z,2024-06-04T21:29:53.022Z,Good (0x00000000)
2024-06-04T21:31:04.367Z,false,2024-06-04T21:30:52.595Z,2024-06-04T21:30:52.595Z,Good (0x00000000)
2024-06-04T21:32:04.561Z,false,2024-06-04T21:31:52.787Z,2024-06-04T21:31:52.787Z,Good (0x00000000)
2024-06-04T21:33:03.699Z,false,2024-06-04T21:32:51.928Z,2024-06-04T21:32:51.928Z,Good (0x00000000)
2024-06-04T21:34:04.817Z,false,2024-06-04T21:33:53.048Z,2024-06-04T21:33:53.048Z,Good (0x00000000)
2024-06-04T21:35:04.433Z,false,2024-06-04T21:34:52.662Z,2024-06-04T21:34:52.662Z,Good (0x00000000)
2024-06-04T21:36:04.792Z,false,2024-06-04T21:35:53.018Z,2024-06-04T21:35:53.018Z,Good (0x00000000)
2024-06-04T21:37:04.082Z,false,2024-06-04T21:36:52.308Z,2024-06-04T21:36:52.308Z,Good (0x00000000)
2024-06-04T21:38:04.208Z,false,2024-06-04T21:37:52.434Z,2024-06-04T21:37:52.433Z,Good (0x00000000)
2024-06-04T21:39:04.656Z,false,2024-06-04T21:38:52.881Z,2024-06-04T21:38:52.881Z,Good (0x00000000)
2024-06-04T21:40:03.938Z,false,2024-06-04T21:39:52.166Z,2024-06-04T21:39:52.166Z,Good (0x00000000)
2024-06-04T21:41:04.243Z,false,2024-06-04T21:40:52.469Z,2024-06-04T21:40:52.469Z,Good (0x00000000)
2024-06-04T21:42:05.715Z,false,2024-06-04T21:41:53.940Z,2024-06-04T21:41:53.940Z,Good (0x00000000)
2024-06-04T21:43:04.441Z,false,2024-06-04T21:42:52.666Z,2024-06-04T21:42:52.666Z,Good (0x00000000)
2024-06-04T21:44:04.218Z,false,2024-06-04T21:43:52.442Z,2024-06-04T21:43:52.442Z,Good (0x00000000)
2024-06-04T21:45:04.148Z,false,2024-06-04T21:44:52.372Z,2024-06-04T21:44:52.372Z,Good (0x00000000)
2024-06-04T21:46:04.273Z,false,2024-06-04T21:45:52.496Z,2024-06-04T21:45:52.496Z,Good (0x00000000)
2024-06-04T21:47:04.317Z,false,2024-06-04T21:46:52.541Z,2024-06-04T21:46:52.541Z,Good (0x00000000)
2024-06-04T21:48:04.995Z,false,2024-06-04T21:47:53.216Z,2024-06-04T21:47:53.216Z,Good (0x00000000)
2024-06-04T21:49:03.952Z,false,2024-06-04T21:48:52.175Z,2024-06-04T21:48:52.175Z,Good (0x00000000)
2024-06-04T21:50:04.949Z,false,2024-06-04T21:49:53.171Z,2024-06-04T21:49:53.171Z,Good (0x00000000)
2024-06-04T21:51:04.117Z,false,2024-06-04T21:50:52.342Z,2024-06-04T21:50:52.342Z,Good (0x00000000)
2024-06-04T21:52:04.561Z,false,2024-06-04T21:51:52.796Z,2024-06-04T21:51:52.796Z,Good (0x00000000)
2024-06-04T21:53:04.062Z,false,2024-06-04T21:52:52.284Z,2024-06-04T21:52:52.284Z,Good (0x00000000)
2024-06-04T21:54:04.208Z,false,2024-06-04T21:53:52.429Z,2024-06-04T21:53:52.429Z,Good (0x00000000)
2024-06-04T21:55:03.970Z,false,2024-06-04T21:54:52.191Z,2024-06-04T21:54:52.191Z,Good (0x00000000)
2024-06-04T21:56:04.043Z,false,2024-06-04T21:55:52.266Z,2024-06-04T21:55:52.266Z,Good (0x00000000)
2024-06-04T21:57:04.856Z,false,2024-06-04T21:56:53.076Z,2024-06-04T21:56:53.075Z,Good (0x00000000)
2024-06-04T21:58:04.325Z,false,2024-06-04T21:57:52.545Z,2024-06-04T21:57:52.545Z,Good (0x00000000)
2024-06-04T21:59:04.295Z,false,2024-06-04T21:58:52.516Z,2024-06-04T21:58:52.516Z,Good (0x00000000)
2024-06-04T22:00:06.177Z,false,2024-06-04T21:59:54.399Z,2024-06-04T21:59:54.399Z,Good (0x00000000)
2024-06-04T22:01:05.116Z,false,2024-06-04T22:00:53.337Z,2024-06-04T22:00:53.337Z,Good (0x00000000)
2024-06-04T22:02:04.273Z,false,2024-06-04T22:01:52.493Z,2024-06-04T22:01:52.493Z,Good (0x00000000)
2024-06-04T22:03:04.344Z,false,2024-06-04T22:02:52.564Z,2024-06-04T22:02:52.564Z,Good (0x00000000)
2024-06-04T22:04:04.102Z,false,2024-06-04T22:03:52.328Z,2024-06-04T22:03:52.328Z,Good (0x00000000)
2024-06-04T22:05:04.446Z,false,2024-06-04T22:04:52.667Z,2024-06-04T22:04:52.667Z,Good (0x00000000)
2024-06-04T22:06:04.912Z,false,2024-06-04T22:05:53.131Z,2024-06-04T22:05:53.131Z,Good (0x00000000)
2024-06-04T22:07:04.098Z,false,2024-06-04T22:06:52.316Z,2024-06-04T22:06:52.316Z,Good (0x00000000)
2024-06-04T22:08:04.296Z,false,2024-06-04T22:07:52.516Z,2024-06-04T22:07:52.516Z,Good (0x00000000)
2024-06-04T22:09:03.926Z,false,2024-06-04T22:08:52.155Z,2024-06-04T22:08:52.155Z,Good (0x00000000)
2024-06-04T22:10:04.820Z,false,2024-06-04T22:09:53.038Z,2024-06-04T22:09:53.038Z,Good (0x00000000)
2024-06-04T22:11:04.692Z,false,2024-06-04T22:10:52.915Z,2024-06-04T22:10:52.915Z,Good (0x00000000)
2024-06-04T22:12:04.908Z,false,2024-06-04T22:11:53.127Z,2024-06-04T22:11:53.127Z,Good (0x00000000)
2024-06-04T22:13:04.781Z,false,2024-06-04T22:12:52.998Z,2024-06-04T22:12:52.998Z,Good (0x00000000)
2024-06-04T22:14:04.043Z,false,2024-06-04T22:13:52.259Z,2024-06-04T22:13:52.259Z,Good (0x00000000)
2024-06-04T22:15:04.541Z,false,2024-06-04T22:14:52.758Z,2024-06-04T22:14:52.758Z,Good (0x00000000)
2024-06-04T22:16:04.510Z,false,2024-06-04T22:15:52.725Z,2024-06-04T22:15:52.725Z,Good (0x00000000)
2024-06-04T22:17:03.940Z,false,2024-06-04T22:16:52.158Z,2024-06-04T22:16:52.158Z,Good (0x00000000)
2024-06-04T22:18:04.712Z,false,2024-06-04T22:17:52.927Z,2024-06-04T22:17:52.927Z,Good (0x00000000)
2024-06-04T22:19:04.753Z,false,2024-06-04T22:18:52.967Z,2024-06-04T22:18:52.967Z,Good (0x00000000)
2024-06-04T22:20:03.805Z,false,2024-06-04T22:19:52.027Z,2024-06-04T22:19:52.027Z,Good (0x00000000)
2024-06-04T22:21:03.852Z,false,2024-06-04T22:20:52.065Z,2024-06-04T22:20:52.065Z,Good (0x00000000)
2024-06-04T22:22:04.560Z,false,2024-06-04T22:21:52.779Z,2024-06-04T22:21:52.779Z,Good (0x00000000)
2024-06-04T22:23:04.138Z,false,2024-06-04T22:22:52.361Z,2024-06-04T22:22:52.361Z,Good (0x00000000)
2024-06-04T22:24:03.935Z,false,2024-06-04T22:23:52.149Z,2024-06-04T22:23:52.149Z,Good (0x00000000)
2024-06-04T22:25:04.132Z,false,2024-06-04T22:24:52.349Z,2024-06-04T22:24:52.349Z,Good (0x00000000)
2024-06-04T22:26:04.440Z,false,2024-06-04T22:25:52.653Z,2024-06-04T22:25:52.653Z,Good (0x00000000)
2024-06-04T22:27:04.084Z,false,2024-06-04T22:26:52.297Z,2024-06-04T22:26:52.297Z,Good (0x00000000)
2024-06-04T22:28:04.769Z,false,2024-06-04T22:27:52.984Z,2024-06-04T22:27:52.984Z,Good (0x00000000)
2024-06-04T22:29:03.890Z,false,2024-06-04T22:28:52.103Z,2024-06-04T22:28:52.103Z,Good (0x00000000)
2024-06-04T22:30:04.874Z,false,2024-06-04T22:29:53.091Z,2024-06-04T22:29:53.090Z,Good (0x00000000)
2024-06-04T22:31:03.678Z,false,2024-06-04T22:30:51.891Z,2024-06-04T22:30:51.891Z,Good (0x00000000)
2024-06-04T22:32:04.367Z,false,2024-06-04T22:31:52.587Z,2024-06-04T22:31:52.586Z,Good (0x00000000)
2024-06-04T22:33:04.215Z,false,2024-06-04T22:32:52.426Z,2024-06-04T22:32:52.426Z,Good (0x00000000)
2024-06-04T22:34:04.226Z,false,2024-06-04T22:33:52.456Z,2024-06-04T22:33:52.456Z,Good (0x00000000)
2024-06-04T22:35:04.700Z,false,2024-06-04T22:34:52.914Z,2024-06-04T22:34:52.914Z,Good (0x00000000)
2024-06-04T22:36:04.053Z,false,2024-06-04T22:35:52.267Z,2024-06-04T22:35:52.266Z,Good (0x00000000)
2024-06-04T22:37:04.666Z,false,2024-06-04T22:36:52.875Z,2024-06-04T22:36:52.875Z,Good (0x00000000)
2024-06-04T22:38:04.459Z,false,2024-06-04T22:37:52.674Z,2024-06-04T22:37:52.674Z,Good (0x00000000)
2024-06-04T22:39:04.853Z,false,2024-06-04T22:38:53.066Z,2024-06-04T22:38:53.066Z,Good (0x00000000)
2024-06-04T22:40:04.468Z,false,2024-06-04T22:39:52.680Z,2024-06-04T22:39:52.680Z,Good (0x00000000)
2024-06-04T22:41:04.404Z,false,2024-06-04T22:40:52.614Z,2024-06-04T22:40:52.614Z,Good (0x00000000)
2024-06-04T22:42:04.700Z,false,2024-06-04T22:41:52.909Z,2024-06-04T22:41:52.909Z,Good (0x00000000)
2024-06-04T22:43:04.256Z,false,2024-06-04T22:42:52.465Z,2024-06-04T22:42:52.465Z,Good (0x00000000)
2024-06-04T22:44:04.201Z,false,2024-06-04T22:43:52.408Z,2024-06-04T22:43:52.408Z,Good (0x00000000)
2024-06-04T22:45:04.038Z,false,2024-06-04T22:44:52.248Z,2024-06-04T22:44:52.248Z,Good (0x00000000)
2024-06-04T22:46:03.757Z,false,2024-06-04T22:45:51.967Z,2024-06-04T22:45:51.967Z,Good (0x00000000)
2024-06-04T22:47:04.705Z,false,2024-06-04T22:46:52.914Z,2024-06-04T22:46:52.914Z,Good (0x00000000)
2024-06-04T22:48:04.705Z,false,2024-06-04T22:47:52.912Z,2024-06-04T22:47:52.912Z,Good (0x00000000)
2024-06-04T22:49:04.442Z,false,2024-06-04T22:48:52.647Z,2024-06-04T22:48:52.647Z,Good (0x00000000)
2024-06-04T22:50:04.611Z,false,2024-06-04T22:49:52.819Z,2024-06-04T22:49:52.819Z,Good (0x00000000)
2024-06-04T22:51:03.781Z,false,2024-06-04T22:50:51.987Z,2024-06-04T22:50:51.987Z,Good (0x00000000)
2024-06-04T22:52:04.951Z,false,2024-06-04T22:51:53.160Z,2024-06-04T22:51:53.159Z,Good (0x00000000)
2024-06-04T22:53:04.126Z,false,2024-06-04T22:52:52.331Z,2024-06-04T22:52:52.331Z,Good (0x00000000)
2024-06-04T22:54:04.125Z,false,2024-06-04T22:53:52.333Z,2024-06-04T22:53:52.333Z,Good (0x00000000)
2024-06-04T22:55:04.240Z,false,2024-06-04T22:54:52.445Z,2024-06-04T22:54:52.445Z,Good (0x00000000)
2024-06-04T22:56:04.320Z,false,2024-06-04T22:55:52.528Z,2024-06-04T22:55:52.528Z,Good (0x00000000)
2024-06-04T22:57:04.374Z,false,2024-06-04T22:56:52.579Z,2024-06-04T22:56:52.579Z,Good (0x00000000)
2024-06-04T22:58:04.314Z,false,2024-06-04T22:57:52.519Z,2024-06-04T22:57:52.519Z,Good (0x00000000)
2024-06-04T22:59:04.490Z,false,2024-06-04T22:58:52.695Z,2024-06-04T22:58:52.695Z,Good (0x00000000)
2024-06-04T23:00:05.656Z,false,2024-06-04T22:59:53.862Z,2024-06-04T22:59:53.862Z,Good (0x00000000)
