2024-06-17T00:00:07.219Z,37.22999954223633,2024-06-17T00:00:07.231Z,2024-06-17T00:00:07.231Z,Good (0x00000000)
2024-06-17T00:01:05.632Z,37.22999954223633,2024-06-17T00:01:05.645Z,2024-06-17T00:01:05.645Z,Good (0x00000000)
2024-06-17T00:02:04.371Z,37.22999954223633,2024-06-17T00:02:04.384Z,2024-06-17T00:02:04.384Z,Good (0x00000000)
2024-06-17T00:03:04.770Z,37.22999954223633,2024-06-17T00:03:04.782Z,2024-06-17T00:03:04.782Z,Good (0x00000000)
2024-06-17T00:04:04.709Z,37.22999954223633,2024-06-17T00:04:04.721Z,2024-06-17T00:04:04.721Z,Good (0x00000000)
2024-06-17T00:05:05.278Z,37.22999954223633,2024-06-17T00:05:05.291Z,2024-06-17T00:05:05.291Z,Good (0x00000000)
2024-06-17T00:06:05.784Z,37.22999954223633,2024-06-17T00:06:05.798Z,2024-06-17T00:06:05.798Z,Good (0x00000000)
2024-06-17T00:07:03.993Z,37.22999954223633,2024-06-17T00:07:04.007Z,2024-06-17T00:07:04.007Z,Good (0x00000000)
2024-06-17T00:08:04.071Z,37.22999954223633,2024-06-17T00:08:04.083Z,2024-06-17T00:08:04.083Z,Good (0x00000000)
2024-06-17T00:09:04.758Z,37.22999954223633,2024-06-17T00:09:04.770Z,2024-06-17T00:09:04.770Z,Good (0x00000000)
2024-06-17T00:10:04.606Z,37.22999954223633,2024-06-17T00:10:04.620Z,2024-06-17T00:10:04.620Z,Good (0x00000000)
2024-06-17T00:11:04.182Z,37.22999954223633,2024-06-17T00:11:04.194Z,2024-06-17T00:11:04.194Z,Good (0x00000000)
2024-06-17T00:12:05.017Z,37.22999954223633,2024-06-17T00:12:05.030Z,2024-06-17T00:12:05.030Z,Good (0x00000000)
2024-06-17T00:13:05.106Z,37.22999954223633,2024-06-17T00:13:05.120Z,2024-06-17T00:13:05.120Z,Good (0x00000000)
2024-06-17T00:14:04.399Z,37.22999954223633,2024-06-17T00:14:04.413Z,2024-06-17T00:14:04.413Z,Good (0x00000000)
2024-06-17T00:15:05.133Z,37.22999954223633,2024-06-17T00:15:05.164Z,2024-06-17T00:15:05.164Z,Good (0x00000000)
2024-06-17T00:16:04.218Z,37.22999954223633,2024-06-17T00:16:04.232Z,2024-06-17T00:16:04.232Z,Good (0x00000000)
2024-06-17T00:17:04.390Z,37.22999954223633,2024-06-17T00:17:04.404Z,2024-06-17T00:17:04.404Z,Good (0x00000000)
2024-06-17T00:18:04.452Z,37.22999954223633,2024-06-17T00:18:04.464Z,2024-06-17T00:18:04.464Z,Good (0x00000000)
2024-06-17T00:19:04.716Z,37.22999954223633,2024-06-17T00:19:04.730Z,2024-06-17T00:19:04.730Z,Good (0x00000000)
2024-06-17T00:20:04.772Z,37.22999954223633,2024-06-17T00:20:04.785Z,2024-06-17T00:20:04.785Z,Good (0x00000000)
2024-06-17T00:21:04.902Z,37.22999954223633,2024-06-17T00:21:04.920Z,2024-06-17T00:21:04.920Z,Good (0x00000000)
2024-06-17T00:22:04.353Z,37.20000076293945,2024-06-17T00:22:04.366Z,2024-06-17T00:22:04.366Z,Good (0x00000000)
2024-06-17T00:23:04.386Z,37.13999938964844,2024-06-17T00:23:04.398Z,2024-06-17T00:23:04.398Z,Good (0x00000000)
2024-06-17T00:24:04.741Z,37.119998931884766,2024-06-17T00:24:04.753Z,2024-06-17T00:24:04.753Z,Good (0x00000000)
2024-06-17T00:25:04.697Z,37.11000061035156,2024-06-17T00:25:04.710Z,2024-06-17T00:25:04.710Z,Good (0x00000000)
2024-06-17T00:26:05.222Z,37.11000061035156,2024-06-17T00:26:05.234Z,2024-06-17T00:26:05.234Z,Good (0x00000000)
2024-06-17T00:27:04.801Z,37.11000061035156,2024-06-17T00:27:04.813Z,2024-06-17T00:27:04.813Z,Good (0x00000000)
2024-06-17T00:28:04.968Z,37.11000061035156,2024-06-17T00:28:04.982Z,2024-06-17T00:28:04.981Z,Good (0x00000000)
2024-06-17T00:29:04.265Z,37.11000061035156,2024-06-17T00:29:04.278Z,2024-06-17T00:29:04.278Z,Good (0x00000000)
2024-06-17T00:30:04.991Z,37.11000061035156,2024-06-17T00:30:05.006Z,2024-06-17T00:30:05.006Z,Good (0x00000000)
2024-06-17T00:31:04.761Z,37.11000061035156,2024-06-17T00:31:04.774Z,2024-06-17T00:31:04.774Z,Good (0x00000000)
2024-06-17T00:32:04.766Z,37.11000061035156,2024-06-17T00:32:04.779Z,2024-06-17T00:32:04.779Z,Good (0x00000000)
2024-06-17T00:33:04.192Z,37.11000061035156,2024-06-17T00:33:04.205Z,2024-06-17T00:33:04.205Z,Good (0x00000000)
2024-06-17T00:34:04.355Z,37.11000061035156,2024-06-17T00:34:04.368Z,2024-06-17T00:34:04.368Z,Good (0x00000000)
2024-06-17T00:35:04.568Z,37.11000061035156,2024-06-17T00:35:04.591Z,2024-06-17T00:35:04.591Z,Good (0x00000000)
2024-06-17T00:36:04.676Z,37.11000061035156,2024-06-17T00:36:04.688Z,2024-06-17T00:36:04.688Z,Good (0x00000000)
2024-06-17T00:37:04.429Z,37.11000061035156,2024-06-17T00:37:04.443Z,2024-06-17T00:37:04.443Z,Good (0x00000000)
2024-06-17T00:38:04.437Z,37.11000061035156,2024-06-17T00:38:04.451Z,2024-06-17T00:38:04.451Z,Good (0x00000000)
2024-06-17T00:39:05.356Z,37.09000015258789,2024-06-17T00:39:05.369Z,2024-06-17T00:39:05.369Z,Good (0x00000000)
2024-06-17T00:40:04.490Z,37,2024-06-17T00:40:04.504Z,2024-06-17T00:40:04.503Z,Good (0x00000000)
2024-06-17T00:41:04.847Z,37,2024-06-17T00:41:04.861Z,2024-06-17T00:41:04.861Z,Good (0x00000000)
2024-06-17T00:42:04.819Z,37,2024-06-17T00:42:04.833Z,2024-06-17T00:42:04.833Z,Good (0x00000000)
2024-06-17T00:43:04.653Z,37,2024-06-17T00:43:04.667Z,2024-06-17T00:43:04.667Z,Good (0x00000000)
2024-06-17T00:44:04.728Z,37,2024-06-17T00:44:04.742Z,2024-06-17T00:44:04.742Z,Good (0x00000000)
2024-06-17T00:45:04.408Z,37,2024-06-17T00:45:04.422Z,2024-06-17T00:45:04.422Z,Good (0x00000000)
2024-06-17T00:46:04.598Z,37,2024-06-17T00:46:04.611Z,2024-06-17T00:46:04.611Z,Good (0x00000000)
2024-06-17T00:47:04.468Z,37,2024-06-17T00:47:04.486Z,2024-06-17T00:47:04.486Z,Good (0x00000000)
2024-06-17T00:48:04.555Z,37,2024-06-17T00:48:04.568Z,2024-06-17T00:48:04.568Z,Good (0x00000000)
2024-06-17T00:49:04.759Z,37,2024-06-17T00:49:04.773Z,2024-06-17T00:49:04.773Z,Good (0x00000000)
2024-06-17T00:50:04.946Z,37,2024-06-17T00:50:04.959Z,2024-06-17T00:50:04.959Z,Good (0x00000000)
2024-06-17T00:51:04.379Z,37,2024-06-17T00:51:04.392Z,2024-06-17T00:51:04.392Z,Good (0x00000000)
2024-06-17T00:52:04.821Z,37,2024-06-17T00:52:04.834Z,2024-06-17T00:52:04.834Z,Good (0x00000000)
2024-06-17T00:53:04.794Z,37,2024-06-17T00:53:04.807Z,2024-06-17T00:53:04.807Z,Good (0x00000000)
2024-06-17T00:54:04.861Z,36.970001220703125,2024-06-17T00:54:04.875Z,2024-06-17T00:54:04.875Z,Good (0x00000000)
2024-06-17T00:55:04.271Z,36.88999938964844,2024-06-17T00:55:04.284Z,2024-06-17T00:55:04.284Z,Good (0x00000000)
2024-06-17T00:56:04.691Z,36.88999938964844,2024-06-17T00:56:04.706Z,2024-06-17T00:56:04.706Z,Good (0x00000000)
2024-06-17T00:57:04.552Z,36.88999938964844,2024-06-17T00:57:04.566Z,2024-06-17T00:57:04.566Z,Good (0x00000000)
2024-06-17T00:58:04.181Z,36.88999938964844,2024-06-17T00:58:04.194Z,2024-06-17T00:58:04.194Z,Good (0x00000000)
2024-06-17T00:59:04.564Z,36.88999938964844,2024-06-17T00:59:04.577Z,2024-06-17T00:59:04.577Z,Good (0x00000000)
2024-06-17T01:00:07.491Z,36.88999938964844,2024-06-17T01:00:07.504Z,2024-06-17T01:00:07.504Z,Good (0x00000000)
2024-06-17T01:01:05.121Z,36.88999938964844,2024-06-17T01:01:05.135Z,2024-06-17T01:01:05.135Z,Good (0x00000000)
2024-06-17T01:02:04.070Z,36.88999938964844,2024-06-17T01:02:04.085Z,2024-06-17T01:02:04.085Z,Good (0x00000000)
2024-06-17T01:03:04.105Z,36.88999938964844,2024-06-17T01:03:04.120Z,2024-06-17T01:03:04.120Z,Good (0x00000000)
2024-06-17T01:04:04.552Z,36.88999938964844,2024-06-17T01:04:04.564Z,2024-06-17T01:04:04.564Z,Good (0x00000000)
2024-06-17T01:05:04.928Z,36.88999938964844,2024-06-17T01:05:04.942Z,2024-06-17T01:05:04.942Z,Good (0x00000000)
2024-06-17T01:06:05.041Z,36.86000061035156,2024-06-17T01:06:05.054Z,2024-06-17T01:06:05.054Z,Good (0x00000000)
2024-06-17T01:07:03.980Z,36.83000183105469,2024-06-17T01:07:03.993Z,2024-06-17T01:07:03.993Z,Good (0x00000000)
2024-06-17T01:08:04.157Z,36.77000045776367,2024-06-17T01:08:04.169Z,2024-06-17T01:08:04.169Z,Good (0x00000000)
2024-06-17T01:09:04.246Z,36.77000045776367,2024-06-17T01:09:04.258Z,2024-06-17T01:09:04.258Z,Good (0x00000000)
2024-06-17T01:10:04.503Z,36.77000045776367,2024-06-17T01:10:04.517Z,2024-06-17T01:10:04.516Z,Good (0x00000000)
2024-06-17T01:11:04.593Z,36.77000045776367,2024-06-17T01:11:04.607Z,2024-06-17T01:11:04.607Z,Good (0x00000000)
2024-06-17T01:12:04.873Z,36.77000045776367,2024-06-17T01:12:04.886Z,2024-06-17T01:12:04.886Z,Good (0x00000000)
2024-06-17T01:13:05.131Z,36.77000045776367,2024-06-17T01:13:05.144Z,2024-06-17T01:13:05.144Z,Good (0x00000000)
2024-06-17T01:14:04.505Z,36.77000045776367,2024-06-17T01:14:04.520Z,2024-06-17T01:14:04.520Z,Good (0x00000000)
2024-06-17T01:15:05.017Z,36.77000045776367,2024-06-17T01:15:05.031Z,2024-06-17T01:15:05.031Z,Good (0x00000000)
2024-06-17T01:16:04.211Z,36.77000045776367,2024-06-17T01:16:04.224Z,2024-06-17T01:16:04.224Z,Good (0x00000000)
2024-06-17T01:17:04.731Z,36.77000045776367,2024-06-17T01:17:04.745Z,2024-06-17T01:17:04.745Z,Good (0x00000000)
2024-06-17T01:18:04.385Z,36.77000045776367,2024-06-17T01:18:04.399Z,2024-06-17T01:18:04.399Z,Good (0x00000000)
2024-06-17T01:19:04.189Z,36.77000045776367,2024-06-17T01:19:04.203Z,2024-06-17T01:19:04.203Z,Good (0x00000000)
2024-06-17T01:20:04.722Z,36.77000045776367,2024-06-17T01:20:04.736Z,2024-06-17T01:20:04.736Z,Good (0x00000000)
2024-06-17T01:21:04.690Z,36.77000045776367,2024-06-17T01:21:04.704Z,2024-06-17T01:21:04.704Z,Good (0x00000000)
2024-06-17T01:22:04.658Z,36.72999954223633,2024-06-17T01:22:04.671Z,2024-06-17T01:22:04.671Z,Good (0x00000000)
2024-06-17T01:23:04.578Z,36.72999954223633,2024-06-17T01:23:04.595Z,2024-06-17T01:23:04.595Z,Good (0x00000000)
2024-06-17T01:24:04.590Z,36.709999084472656,2024-06-17T01:24:04.604Z,2024-06-17T01:24:04.604Z,Good (0x00000000)
2024-06-17T01:25:05.067Z,36.709999084472656,2024-06-17T01:25:05.081Z,2024-06-17T01:25:05.081Z,Good (0x00000000)
2024-06-17T01:26:04.559Z,36.63999938964844,2024-06-17T01:26:04.571Z,2024-06-17T01:26:04.571Z,Good (0x00000000)
2024-06-17T01:27:04.872Z,36.63999938964844,2024-06-17T01:27:04.885Z,2024-06-17T01:27:04.885Z,Good (0x00000000)
2024-06-17T01:28:05.057Z,36.63999938964844,2024-06-17T01:28:05.070Z,2024-06-17T01:28:05.070Z,Good (0x00000000)
2024-06-17T01:29:03.923Z,36.63999938964844,2024-06-17T01:29:03.936Z,2024-06-17T01:29:03.936Z,Good (0x00000000)
2024-06-17T01:30:04.524Z,36.63999938964844,2024-06-17T01:30:04.537Z,2024-06-17T01:30:04.537Z,Good (0x00000000)
2024-06-17T01:31:04.560Z,36.63999938964844,2024-06-17T01:31:04.573Z,2024-06-17T01:31:04.573Z,Good (0x00000000)
2024-06-17T01:32:04.666Z,36.63999938964844,2024-06-17T01:32:04.679Z,2024-06-17T01:32:04.679Z,Good (0x00000000)
2024-06-17T01:33:04.741Z,36.63999938964844,2024-06-17T01:33:04.759Z,2024-06-17T01:33:04.759Z,Good (0x00000000)
2024-06-17T01:34:04.477Z,36.63999938964844,2024-06-17T01:34:04.490Z,2024-06-17T01:34:04.490Z,Good (0x00000000)
2024-06-17T01:35:04.387Z,36.63999938964844,2024-06-17T01:35:04.403Z,2024-06-17T01:35:04.403Z,Good (0x00000000)
2024-06-17T01:36:04.837Z,36.63999938964844,2024-06-17T01:36:04.851Z,2024-06-17T01:36:04.850Z,Good (0x00000000)
2024-06-17T01:37:05.295Z,36.63999938964844,2024-06-17T01:37:05.309Z,2024-06-17T01:37:05.308Z,Good (0x00000000)
2024-06-17T01:38:04.698Z,36.63999938964844,2024-06-17T01:38:04.712Z,2024-06-17T01:38:04.712Z,Good (0x00000000)
2024-06-17T01:39:04.926Z,36.63999938964844,2024-06-17T01:39:04.939Z,2024-06-17T01:39:04.939Z,Good (0x00000000)
2024-06-17T01:40:04.946Z,36.63999938964844,2024-06-17T01:40:04.960Z,2024-06-17T01:40:04.960Z,Good (0x00000000)
2024-06-17T01:41:04.744Z,36.63999938964844,2024-06-17T01:41:04.757Z,2024-06-17T01:41:04.757Z,Good (0x00000000)
2024-06-17T01:42:04.967Z,36.63999938964844,2024-06-17T01:42:04.980Z,2024-06-17T01:42:04.980Z,Good (0x00000000)
2024-06-17T01:43:03.804Z,36.63999938964844,2024-06-17T01:43:03.818Z,2024-06-17T01:43:03.818Z,Good (0x00000000)
2024-06-17T01:44:04.484Z,36.63999938964844,2024-06-17T01:44:04.498Z,2024-06-17T01:44:04.498Z,Good (0x00000000)
2024-06-17T01:45:04.574Z,36.63999938964844,2024-06-17T01:45:04.590Z,2024-06-17T01:45:04.590Z,Good (0x00000000)
2024-06-17T01:46:04.281Z,36.63999938964844,2024-06-17T01:46:04.293Z,2024-06-17T01:46:04.293Z,Good (0x00000000)
2024-06-17T01:47:04.288Z,36.63999938964844,2024-06-17T01:47:04.301Z,2024-06-17T01:47:04.301Z,Good (0x00000000)
2024-06-17T01:48:04.291Z,36.63999938964844,2024-06-17T01:48:04.305Z,2024-06-17T01:48:04.305Z,Good (0x00000000)
2024-06-17T01:49:04.766Z,36.63999938964844,2024-06-17T01:49:04.781Z,2024-06-17T01:49:04.781Z,Good (0x00000000)
2024-06-17T01:50:04.708Z,36.63999938964844,2024-06-17T01:50:04.722Z,2024-06-17T01:50:04.722Z,Good (0x00000000)
2024-06-17T01:51:04.745Z,36.63999938964844,2024-06-17T01:51:04.758Z,2024-06-17T01:51:04.758Z,Good (0x00000000)
2024-06-17T01:52:04.470Z,36.63999938964844,2024-06-17T01:52:04.484Z,2024-06-17T01:52:04.484Z,Good (0x00000000)
2024-06-17T01:53:04.658Z,36.63999938964844,2024-06-17T01:53:04.672Z,2024-06-17T01:53:04.672Z,Good (0x00000000)
2024-06-17T01:54:04.489Z,36.63999938964844,2024-06-17T01:54:04.507Z,2024-06-17T01:54:04.507Z,Good (0x00000000)
2024-06-17T01:55:04.289Z,36.63999938964844,2024-06-17T01:55:04.302Z,2024-06-17T01:55:04.301Z,Good (0x00000000)
2024-06-17T01:56:05.039Z,36.63999938964844,2024-06-17T01:56:05.052Z,2024-06-17T01:56:05.052Z,Good (0x00000000)
2024-06-17T01:57:04.305Z,36.63999938964844,2024-06-17T01:57:04.318Z,2024-06-17T01:57:04.318Z,Good (0x00000000)
2024-06-17T01:58:04.186Z,36.63999938964844,2024-06-17T01:58:04.200Z,2024-06-17T01:58:04.200Z,Good (0x00000000)
2024-06-17T01:59:04.283Z,36.63999938964844,2024-06-17T01:59:04.297Z,2024-06-17T01:59:04.297Z,Good (0x00000000)
2024-06-17T02:00:07.524Z,36.63999938964844,2024-06-17T02:00:07.539Z,2024-06-17T02:00:07.539Z,Good (0x00000000)
2024-06-17T02:01:04.374Z,36.63999938964844,2024-06-17T02:01:04.388Z,2024-06-17T02:01:04.388Z,Good (0x00000000)
2024-06-17T02:02:04.535Z,36.63999938964844,2024-06-17T02:02:04.547Z,2024-06-17T02:02:04.547Z,Good (0x00000000)
2024-06-17T02:03:03.967Z,36.61000061035156,2024-06-17T02:03:03.980Z,2024-06-17T02:03:03.980Z,Good (0x00000000)
2024-06-17T02:04:04.359Z,36.529998779296875,2024-06-17T02:04:04.376Z,2024-06-17T02:04:04.376Z,Good (0x00000000)
2024-06-17T02:05:04.664Z,36.529998779296875,2024-06-17T02:05:04.688Z,2024-06-17T02:05:04.688Z,Good (0x00000000)
2024-06-17T02:06:05.012Z,36.529998779296875,2024-06-17T02:06:05.030Z,2024-06-17T02:06:05.030Z,Good (0x00000000)
2024-06-17T02:07:03.941Z,36.529998779296875,2024-06-17T02:07:03.955Z,2024-06-17T02:07:03.955Z,Good (0x00000000)
2024-06-17T02:08:04.742Z,36.529998779296875,2024-06-17T02:08:04.756Z,2024-06-17T02:08:04.756Z,Good (0x00000000)
2024-06-17T02:09:04.205Z,36.529998779296875,2024-06-17T02:09:04.218Z,2024-06-17T02:09:04.218Z,Good (0x00000000)
2024-06-17T02:10:04.887Z,36.529998779296875,2024-06-17T02:10:04.901Z,2024-06-17T02:10:04.901Z,Good (0x00000000)
2024-06-17T02:11:04.530Z,36.529998779296875,2024-06-17T02:11:04.541Z,2024-06-17T02:11:04.541Z,Good (0x00000000)
2024-06-17T02:12:05.192Z,36.529998779296875,2024-06-17T02:12:05.205Z,2024-06-17T02:12:05.205Z,Good (0x00000000)
2024-06-17T02:13:04.931Z,36.529998779296875,2024-06-17T02:13:04.944Z,2024-06-17T02:13:04.944Z,Good (0x00000000)
2024-06-17T02:14:04.403Z,36.529998779296875,2024-06-17T02:14:04.417Z,2024-06-17T02:14:04.417Z,Good (0x00000000)
2024-06-17T02:15:05.155Z,36.529998779296875,2024-06-17T02:15:05.168Z,2024-06-17T02:15:05.168Z,Good (0x00000000)
2024-06-17T02:16:04.029Z,36.529998779296875,2024-06-17T02:16:04.043Z,2024-06-17T02:16:04.043Z,Good (0x00000000)
2024-06-17T02:17:04.625Z,36.529998779296875,2024-06-17T02:17:04.637Z,2024-06-17T02:17:04.637Z,Good (0x00000000)
2024-06-17T02:18:04.808Z,36.5,2024-06-17T02:18:04.820Z,2024-06-17T02:18:04.820Z,Good (0x00000000)
2024-06-17T02:19:04.999Z,36.529998779296875,2024-06-17T02:19:05.014Z,2024-06-17T02:19:05.014Z,Good (0x00000000)
2024-06-17T02:20:04.592Z,36.5,2024-06-17T02:20:04.606Z,2024-06-17T02:20:04.605Z,Good (0x00000000)
2024-06-17T02:21:04.722Z,36.52000045776367,2024-06-17T02:21:04.736Z,2024-06-17T02:21:04.736Z,Good (0x00000000)
2024-06-17T02:22:04.464Z,36.52000045776367,2024-06-17T02:22:04.477Z,2024-06-17T02:22:04.477Z,Good (0x00000000)
2024-06-17T02:23:04.810Z,36.439998626708984,2024-06-17T02:23:04.822Z,2024-06-17T02:23:04.822Z,Good (0x00000000)
2024-06-17T02:24:05.015Z,36.41999816894531,2024-06-17T02:24:05.029Z,2024-06-17T02:24:05.029Z,Good (0x00000000)
2024-06-17T02:25:04.283Z,36.41999816894531,2024-06-17T02:25:04.297Z,2024-06-17T02:25:04.297Z,Good (0x00000000)
2024-06-17T02:26:04.900Z,36.41999816894531,2024-06-17T02:26:04.914Z,2024-06-17T02:26:04.914Z,Good (0x00000000)
2024-06-17T02:27:04.352Z,36.41999816894531,2024-06-17T02:27:04.366Z,2024-06-17T02:27:04.366Z,Good (0x00000000)
2024-06-17T02:28:04.248Z,36.41999816894531,2024-06-17T02:28:04.262Z,2024-06-17T02:28:04.262Z,Good (0x00000000)
2024-06-17T02:29:04.920Z,36.41999816894531,2024-06-17T02:29:04.937Z,2024-06-17T02:29:04.936Z,Good (0x00000000)
2024-06-17T02:30:04.632Z,36.41999816894531,2024-06-17T02:30:04.644Z,2024-06-17T02:30:04.644Z,Good (0x00000000)
2024-06-17T02:31:04.662Z,36.41999816894531,2024-06-17T02:31:04.674Z,2024-06-17T02:31:04.674Z,Good (0x00000000)
2024-06-17T02:32:04.522Z,36.41999816894531,2024-06-17T02:32:04.536Z,2024-06-17T02:32:04.536Z,Good (0x00000000)
2024-06-17T02:33:04.597Z,36.41999816894531,2024-06-17T02:33:04.611Z,2024-06-17T02:33:04.611Z,Good (0x00000000)
2024-06-17T02:34:04.317Z,36.41999816894531,2024-06-17T02:34:04.330Z,2024-06-17T02:34:04.330Z,Good (0x00000000)
2024-06-17T02:35:04.669Z,36.41999816894531,2024-06-17T02:35:04.682Z,2024-06-17T02:35:04.682Z,Good (0x00000000)
2024-06-17T02:36:05.011Z,36.41999816894531,2024-06-17T02:36:05.025Z,2024-06-17T02:36:05.025Z,Good (0x00000000)
2024-06-17T02:37:04.193Z,36.43000030517578,2024-06-17T02:37:04.205Z,2024-06-17T02:37:04.205Z,Good (0x00000000)
2024-06-17T02:38:04.696Z,36.41999816894531,2024-06-17T02:38:04.714Z,2024-06-17T02:38:04.714Z,Good (0x00000000)
2024-06-17T02:39:04.911Z,36.52000045776367,2024-06-17T02:39:04.925Z,2024-06-17T02:39:04.925Z,Good (0x00000000)
2024-06-17T02:40:04.495Z,36.5,2024-06-17T02:40:04.509Z,2024-06-17T02:40:04.509Z,Good (0x00000000)
2024-06-17T02:41:04.459Z,36.529998779296875,2024-06-17T02:41:04.473Z,2024-06-17T02:41:04.473Z,Good (0x00000000)
2024-06-17T02:42:04.871Z,36.529998779296875,2024-06-17T02:42:04.884Z,2024-06-17T02:42:04.884Z,Good (0x00000000)
2024-06-17T02:43:04.726Z,36.529998779296875,2024-06-17T02:43:04.740Z,2024-06-17T02:43:04.740Z,Good (0x00000000)
2024-06-17T02:44:04.751Z,36.529998779296875,2024-06-17T02:44:04.764Z,2024-06-17T02:44:04.764Z,Good (0x00000000)
2024-06-17T02:45:04.691Z,36.529998779296875,2024-06-17T02:45:04.705Z,2024-06-17T02:45:04.705Z,Good (0x00000000)
2024-06-17T02:46:04.234Z,36.529998779296875,2024-06-17T02:46:04.249Z,2024-06-17T02:46:04.249Z,Good (0x00000000)
2024-06-17T02:47:04.140Z,36.529998779296875,2024-06-17T02:47:04.156Z,2024-06-17T02:47:04.156Z,Good (0x00000000)
2024-06-17T02:48:04.340Z,36.529998779296875,2024-06-17T02:48:04.354Z,2024-06-17T02:48:04.354Z,Good (0x00000000)
2024-06-17T02:49:04.608Z,36.529998779296875,2024-06-17T02:49:04.622Z,2024-06-17T02:49:04.622Z,Good (0x00000000)
2024-06-17T02:50:05.961Z,36.529998779296875,2024-06-17T02:50:05.976Z,2024-06-17T02:50:05.976Z,Good (0x00000000)
2024-06-17T02:51:04.665Z,36.529998779296875,2024-06-17T02:51:04.678Z,2024-06-17T02:51:04.678Z,Good (0x00000000)
2024-06-17T02:52:04.623Z,36.529998779296875,2024-06-17T02:52:04.637Z,2024-06-17T02:52:04.637Z,Good (0x00000000)
2024-06-17T02:53:03.897Z,36.529998779296875,2024-06-17T02:53:03.911Z,2024-06-17T02:53:03.911Z,Good (0x00000000)
2024-06-17T02:54:04.910Z,36.529998779296875,2024-06-17T02:54:04.924Z,2024-06-17T02:54:04.924Z,Good (0x00000000)
2024-06-17T02:55:04.619Z,36.529998779296875,2024-06-17T02:55:04.633Z,2024-06-17T02:55:04.633Z,Good (0x00000000)
2024-06-17T02:56:04.080Z,36.529998779296875,2024-06-17T02:56:04.093Z,2024-06-17T02:56:04.093Z,Good (0x00000000)
2024-06-17T02:57:04.342Z,36.529998779296875,2024-06-17T02:57:04.356Z,2024-06-17T02:57:04.356Z,Good (0x00000000)
2024-06-17T02:58:04.714Z,36.529998779296875,2024-06-17T02:58:04.728Z,2024-06-17T02:58:04.728Z,Good (0x00000000)
2024-06-17T02:59:03.904Z,36.529998779296875,2024-06-17T02:59:03.918Z,2024-06-17T02:59:03.918Z,Good (0x00000000)
2024-06-17T03:00:05.565Z,36.529998779296875,2024-06-17T03:00:05.579Z,2024-06-17T03:00:05.579Z,Good (0x00000000)
2024-06-17T03:01:04.652Z,36.529998779296875,2024-06-17T03:01:04.666Z,2024-06-17T03:01:04.666Z,Good (0x00000000)
2024-06-17T03:02:04.319Z,36.529998779296875,2024-06-17T03:02:04.332Z,2024-06-17T03:02:04.332Z,Good (0x00000000)
2024-06-17T03:03:04.875Z,36.529998779296875,2024-06-17T03:03:04.888Z,2024-06-17T03:03:04.888Z,Good (0x00000000)
2024-06-17T03:04:03.990Z,36.529998779296875,2024-06-17T03:04:04.004Z,2024-06-17T03:04:04.004Z,Good (0x00000000)
2024-06-17T03:05:04.742Z,36.529998779296875,2024-06-17T03:05:04.755Z,2024-06-17T03:05:04.755Z,Good (0x00000000)
2024-06-17T03:06:04.992Z,36.529998779296875,2024-06-17T03:06:05.009Z,2024-06-17T03:06:05.009Z,Good (0x00000000)
2024-06-17T03:07:04.008Z,36.529998779296875,2024-06-17T03:07:04.023Z,2024-06-17T03:07:04.022Z,Good (0x00000000)
2024-06-17T03:08:04.844Z,36.529998779296875,2024-06-17T03:08:04.858Z,2024-06-17T03:08:04.858Z,Good (0x00000000)
2024-06-17T03:09:04.363Z,36.529998779296875,2024-06-17T03:09:04.376Z,2024-06-17T03:09:04.376Z,Good (0x00000000)
2024-06-17T03:10:05.083Z,36.540000915527344,2024-06-17T03:10:05.096Z,2024-06-17T03:10:05.096Z,Good (0x00000000)
2024-06-17T03:11:04.410Z,36.54999923706055,2024-06-17T03:11:04.424Z,2024-06-17T03:11:04.423Z,Good (0x00000000)
2024-06-17T03:12:04.784Z,36.529998779296875,2024-06-17T03:12:04.798Z,2024-06-17T03:12:04.798Z,Good (0x00000000)
2024-06-17T03:13:04.878Z,36.560001373291016,2024-06-17T03:13:04.891Z,2024-06-17T03:13:04.891Z,Good (0x00000000)
2024-06-17T03:14:04.453Z,36.529998779296875,2024-06-17T03:14:04.467Z,2024-06-17T03:14:04.467Z,Good (0x00000000)
2024-06-17T03:15:04.217Z,36.529998779296875,2024-06-17T03:15:04.231Z,2024-06-17T03:15:04.231Z,Good (0x00000000)
2024-06-17T03:16:04.231Z,36.58000183105469,2024-06-17T03:16:04.245Z,2024-06-17T03:16:04.245Z,Good (0x00000000)
2024-06-17T03:17:04.665Z,36.61000061035156,2024-06-17T03:17:04.679Z,2024-06-17T03:17:04.679Z,Good (0x00000000)
2024-06-17T03:18:04.430Z,36.61000061035156,2024-06-17T03:18:04.443Z,2024-06-17T03:18:04.443Z,Good (0x00000000)
2024-06-17T03:19:04.385Z,36.630001068115234,2024-06-17T03:19:04.402Z,2024-06-17T03:19:04.402Z,Good (0x00000000)
2024-06-17T03:20:05.462Z,36.619998931884766,2024-06-17T03:20:05.475Z,2024-06-17T03:20:05.475Z,Good (0x00000000)
2024-06-17T03:21:04.328Z,36.61000061035156,2024-06-17T03:21:04.341Z,2024-06-17T03:21:04.341Z,Good (0x00000000)
2024-06-17T03:22:04.556Z,36.63999938964844,2024-06-17T03:22:04.569Z,2024-06-17T03:22:04.569Z,Good (0x00000000)
2024-06-17T03:23:04.666Z,36.61000061035156,2024-06-17T03:23:04.681Z,2024-06-17T03:23:04.680Z,Good (0x00000000)
2024-06-17T03:24:04.352Z,36.63999938964844,2024-06-17T03:24:04.364Z,2024-06-17T03:24:04.364Z,Good (0x00000000)
2024-06-17T03:25:04.856Z,36.630001068115234,2024-06-17T03:25:04.870Z,2024-06-17T03:25:04.869Z,Good (0x00000000)
2024-06-17T03:26:04.889Z,36.63999938964844,2024-06-17T03:26:04.903Z,2024-06-17T03:26:04.903Z,Good (0x00000000)
2024-06-17T03:27:04.089Z,36.63999938964844,2024-06-17T03:27:04.105Z,2024-06-17T03:27:04.105Z,Good (0x00000000)
2024-06-17T03:28:04.617Z,36.63999938964844,2024-06-17T03:28:04.631Z,2024-06-17T03:28:04.631Z,Good (0x00000000)
2024-06-17T03:29:04.462Z,36.63999938964844,2024-06-17T03:29:04.474Z,2024-06-17T03:29:04.474Z,Good (0x00000000)
2024-06-17T03:30:04.570Z,36.63999938964844,2024-06-17T03:30:04.587Z,2024-06-17T03:30:04.587Z,Good (0x00000000)
2024-06-17T03:31:04.202Z,36.63999938964844,2024-06-17T03:31:04.216Z,2024-06-17T03:31:04.216Z,Good (0x00000000)
2024-06-17T03:32:04.388Z,36.63999938964844,2024-06-17T03:32:04.401Z,2024-06-17T03:32:04.401Z,Good (0x00000000)
2024-06-17T03:33:04.456Z,36.63999938964844,2024-06-17T03:33:04.470Z,2024-06-17T03:33:04.470Z,Good (0x00000000)
2024-06-17T03:34:04.165Z,36.63999938964844,2024-06-17T03:34:04.178Z,2024-06-17T03:34:04.178Z,Good (0x00000000)
2024-06-17T03:35:04.565Z,36.63999938964844,2024-06-17T03:35:04.578Z,2024-06-17T03:35:04.578Z,Good (0x00000000)
2024-06-17T03:36:04.212Z,36.63999938964844,2024-06-17T03:36:04.227Z,2024-06-17T03:36:04.226Z,Good (0x00000000)
2024-06-17T03:37:04.725Z,36.63999938964844,2024-06-17T03:37:04.738Z,2024-06-17T03:37:04.737Z,Good (0x00000000)
2024-06-17T03:38:04.276Z,36.63999938964844,2024-06-17T03:38:04.289Z,2024-06-17T03:38:04.289Z,Good (0x00000000)
2024-06-17T03:39:04.680Z,36.63999938964844,2024-06-17T03:39:04.692Z,2024-06-17T03:39:04.692Z,Good (0x00000000)
2024-06-17T03:40:04.793Z,36.63999938964844,2024-06-17T03:40:04.806Z,2024-06-17T03:40:04.806Z,Good (0x00000000)
2024-06-17T03:41:04.297Z,36.63999938964844,2024-06-17T03:41:04.310Z,2024-06-17T03:41:04.309Z,Good (0x00000000)
2024-06-17T03:42:04.581Z,36.63999938964844,2024-06-17T03:42:04.593Z,2024-06-17T03:42:04.593Z,Good (0x00000000)
2024-06-17T03:43:04.393Z,36.63999938964844,2024-06-17T03:43:04.405Z,2024-06-17T03:43:04.405Z,Good (0x00000000)
2024-06-17T03:44:04.392Z,36.63999938964844,2024-06-17T03:44:04.404Z,2024-06-17T03:44:04.404Z,Good (0x00000000)
2024-06-17T03:45:04.422Z,36.63999938964844,2024-06-17T03:45:04.433Z,2024-06-17T03:45:04.433Z,Good (0x00000000)
2024-06-17T03:46:04.119Z,36.63999938964844,2024-06-17T03:46:04.130Z,2024-06-17T03:46:04.130Z,Good (0x00000000)
2024-06-17T03:47:03.917Z,36.63999938964844,2024-06-17T03:47:03.930Z,2024-06-17T03:47:03.930Z,Good (0x00000000)
2024-06-17T03:48:04.551Z,36.63999938964844,2024-06-17T03:48:04.568Z,2024-06-17T03:48:04.568Z,Good (0x00000000)
2024-06-17T03:49:04.548Z,36.63999938964844,2024-06-17T03:49:04.562Z,2024-06-17T03:49:04.562Z,Good (0x00000000)
2024-06-17T03:50:04.537Z,36.63999938964844,2024-06-17T03:50:04.549Z,2024-06-17T03:50:04.549Z,Good (0x00000000)
2024-06-17T03:51:04.512Z,36.63999938964844,2024-06-17T03:51:04.524Z,2024-06-17T03:51:04.524Z,Good (0x00000000)
2024-06-17T03:52:04.991Z,36.63999938964844,2024-06-17T03:52:05.003Z,2024-06-17T03:52:05.003Z,Good (0x00000000)
2024-06-17T03:53:04.143Z,36.63999938964844,2024-06-17T03:53:04.156Z,2024-06-17T03:53:04.156Z,Good (0x00000000)
2024-06-17T03:54:04.629Z,36.63999938964844,2024-06-17T03:54:04.643Z,2024-06-17T03:54:04.643Z,Good (0x00000000)
2024-06-17T03:55:04.679Z,36.63999938964844,2024-06-17T03:55:04.693Z,2024-06-17T03:55:04.693Z,Good (0x00000000)
2024-06-17T03:56:04.028Z,36.63999938964844,2024-06-17T03:56:04.041Z,2024-06-17T03:56:04.041Z,Good (0x00000000)
2024-06-17T03:57:04.549Z,36.63999938964844,2024-06-17T03:57:04.563Z,2024-06-17T03:57:04.563Z,Good (0x00000000)
2024-06-17T03:58:04.137Z,36.63999938964844,2024-06-17T03:58:04.150Z,2024-06-17T03:58:04.150Z,Good (0x00000000)
2024-06-17T03:59:04.125Z,36.63999938964844,2024-06-17T03:59:04.144Z,2024-06-17T03:59:04.144Z,Good (0x00000000)
2024-06-17T04:00:06.105Z,36.63999938964844,2024-06-17T04:00:06.118Z,2024-06-17T04:00:06.118Z,Good (0x00000000)
2024-06-17T04:01:04.208Z,36.63999938964844,2024-06-17T04:01:04.223Z,2024-06-17T04:01:04.223Z,Good (0x00000000)
2024-06-17T04:02:04.333Z,36.63999938964844,2024-06-17T04:02:04.347Z,2024-06-17T04:02:04.347Z,Good (0x00000000)
2024-06-17T04:03:04.306Z,36.63999938964844,2024-06-17T04:03:04.319Z,2024-06-17T04:03:04.319Z,Good (0x00000000)
2024-06-17T04:04:03.989Z,36.63999938964844,2024-06-17T04:04:04.002Z,2024-06-17T04:04:04.002Z,Good (0x00000000)
2024-06-17T04:05:03.956Z,36.63999938964844,2024-06-17T04:05:03.967Z,2024-06-17T04:05:03.967Z,Good (0x00000000)
2024-06-17T04:06:04.390Z,36.63999938964844,2024-06-17T04:06:04.403Z,2024-06-17T04:06:04.403Z,Good (0x00000000)
2024-06-17T04:07:04.229Z,36.63999938964844,2024-06-17T04:07:04.241Z,2024-06-17T04:07:04.241Z,Good (0x00000000)
2024-06-17T04:08:04.357Z,36.63999938964844,2024-06-17T04:08:04.371Z,2024-06-17T04:08:04.370Z,Good (0x00000000)
2024-06-17T04:09:03.834Z,36.63999938964844,2024-06-17T04:09:03.846Z,2024-06-17T04:09:03.846Z,Good (0x00000000)
2024-06-17T04:10:04.024Z,36.63999938964844,2024-06-17T04:10:04.036Z,2024-06-17T04:10:04.036Z,Good (0x00000000)
2024-06-17T04:11:04.047Z,36.63999938964844,2024-06-17T04:11:04.058Z,2024-06-17T04:11:04.058Z,Good (0x00000000)
2024-06-17T04:12:04.990Z,36.63999938964844,2024-06-17T04:12:05.003Z,2024-06-17T04:12:05.002Z,Good (0x00000000)
2024-06-17T04:13:04.800Z,36.61000061035156,2024-06-17T04:13:04.813Z,2024-06-17T04:13:04.813Z,Good (0x00000000)
2024-06-17T04:14:04.287Z,36.61000061035156,2024-06-17T04:14:04.299Z,2024-06-17T04:14:04.299Z,Good (0x00000000)
2024-06-17T04:15:04.418Z,36.61000061035156,2024-06-17T04:15:04.429Z,2024-06-17T04:15:04.429Z,Good (0x00000000)
2024-06-17T04:16:04.238Z,36.63999938964844,2024-06-17T04:16:04.250Z,2024-06-17T04:16:04.250Z,Good (0x00000000)
2024-06-17T04:17:04.219Z,36.63999938964844,2024-06-17T04:17:04.231Z,2024-06-17T04:17:04.231Z,Good (0x00000000)
2024-06-17T04:18:04.168Z,36.63999938964844,2024-06-17T04:18:04.184Z,2024-06-17T04:18:04.184Z,Good (0x00000000)
2024-06-17T04:19:04.470Z,36.63999938964844,2024-06-17T04:19:04.484Z,2024-06-17T04:19:04.484Z,Good (0x00000000)
2024-06-17T04:20:04.860Z,36.63999938964844,2024-06-17T04:20:04.873Z,2024-06-17T04:20:04.873Z,Good (0x00000000)
2024-06-17T04:21:04.441Z,36.63999938964844,2024-06-17T04:21:04.454Z,2024-06-17T04:21:04.454Z,Good (0x00000000)
2024-06-17T04:22:04.148Z,36.63999938964844,2024-06-17T04:22:04.161Z,2024-06-17T04:22:04.161Z,Good (0x00000000)
2024-06-17T04:23:03.913Z,36.63999938964844,2024-06-17T04:23:03.925Z,2024-06-17T04:23:03.925Z,Good (0x00000000)
2024-06-17T04:24:04.732Z,36.63999938964844,2024-06-17T04:24:04.744Z,2024-06-17T04:24:04.744Z,Good (0x00000000)
2024-06-17T04:25:04.629Z,36.63999938964844,2024-06-17T04:25:04.642Z,2024-06-17T04:25:04.642Z,Good (0x00000000)
2024-06-17T04:26:04.854Z,36.63999938964844,2024-06-17T04:26:04.865Z,2024-06-17T04:26:04.865Z,Good (0x00000000)
2024-06-17T04:27:03.969Z,36.63999938964844,2024-06-17T04:27:03.981Z,2024-06-17T04:27:03.981Z,Good (0x00000000)
2024-06-17T04:28:04.860Z,36.63999938964844,2024-06-17T04:28:04.871Z,2024-06-17T04:28:04.871Z,Good (0x00000000)
2024-06-17T04:29:04.174Z,36.63999938964844,2024-06-17T04:29:04.187Z,2024-06-17T04:29:04.187Z,Good (0x00000000)
2024-06-17T04:30:04.584Z,36.63999938964844,2024-06-17T04:30:04.596Z,2024-06-17T04:30:04.596Z,Good (0x00000000)
2024-06-17T04:31:04.468Z,36.63999938964844,2024-06-17T04:31:04.481Z,2024-06-17T04:31:04.481Z,Good (0x00000000)
2024-06-17T04:32:04.059Z,36.63999938964844,2024-06-17T04:32:04.071Z,2024-06-17T04:32:04.071Z,Good (0x00000000)
2024-06-17T04:33:03.973Z,36.63999938964844,2024-06-17T04:33:03.986Z,2024-06-17T04:33:03.986Z,Good (0x00000000)
2024-06-17T04:34:04.077Z,36.63999938964844,2024-06-17T04:34:04.090Z,2024-06-17T04:34:04.090Z,Good (0x00000000)
2024-06-17T04:35:04.429Z,36.63999938964844,2024-06-17T04:35:04.440Z,2024-06-17T04:35:04.440Z,Good (0x00000000)
2024-06-17T04:36:04.356Z,36.63999938964844,2024-06-17T04:36:04.369Z,2024-06-17T04:36:04.369Z,Good (0x00000000)
2024-06-17T04:37:03.987Z,36.63999938964844,2024-06-17T04:37:03.999Z,2024-06-17T04:37:03.999Z,Good (0x00000000)
2024-06-17T04:38:04.610Z,36.63999938964844,2024-06-17T04:38:04.623Z,2024-06-17T04:38:04.623Z,Good (0x00000000)
2024-06-17T04:39:05.338Z,36.63999938964844,2024-06-17T04:39:05.351Z,2024-06-17T04:39:05.351Z,Good (0x00000000)
2024-06-17T04:40:04.691Z,36.63999938964844,2024-06-17T04:40:04.704Z,2024-06-17T04:40:04.704Z,Good (0x00000000)
2024-06-17T04:41:04.321Z,36.63999938964844,2024-06-17T04:41:04.334Z,2024-06-17T04:41:04.334Z,Good (0x00000000)
2024-06-17T04:42:04.671Z,36.66999816894531,2024-06-17T04:42:04.684Z,2024-06-17T04:42:04.684Z,Good (0x00000000)
2024-06-17T04:43:04.289Z,36.70000076293945,2024-06-17T04:43:04.303Z,2024-06-17T04:43:04.303Z,Good (0x00000000)
2024-06-17T04:44:03.925Z,36.77000045776367,2024-06-17T04:44:03.945Z,2024-06-17T04:44:03.945Z,Good (0x00000000)
2024-06-17T04:45:04.576Z,36.77000045776367,2024-06-17T04:45:04.590Z,2024-06-17T04:45:04.590Z,Good (0x00000000)
2024-06-17T04:46:03.952Z,36.77000045776367,2024-06-17T04:46:03.966Z,2024-06-17T04:46:03.966Z,Good (0x00000000)
2024-06-17T04:47:04.292Z,36.77000045776367,2024-06-17T04:47:04.306Z,2024-06-17T04:47:04.306Z,Good (0x00000000)
2024-06-17T04:48:04.430Z,36.77000045776367,2024-06-17T04:48:04.444Z,2024-06-17T04:48:04.443Z,Good (0x00000000)
2024-06-17T04:49:04.017Z,36.77000045776367,2024-06-17T04:49:04.030Z,2024-06-17T04:49:04.030Z,Good (0x00000000)
2024-06-17T04:50:04.493Z,36.77000045776367,2024-06-17T04:50:04.507Z,2024-06-17T04:50:04.507Z,Good (0x00000000)
2024-06-17T04:51:04.546Z,36.77000045776367,2024-06-17T04:51:04.560Z,2024-06-17T04:51:04.560Z,Good (0x00000000)
2024-06-17T04:52:04.669Z,36.77000045776367,2024-06-17T04:52:04.684Z,2024-06-17T04:52:04.684Z,Good (0x00000000)
2024-06-17T04:53:04.514Z,36.77000045776367,2024-06-17T04:53:04.528Z,2024-06-17T04:53:04.528Z,Good (0x00000000)
2024-06-17T04:54:04.447Z,36.77000045776367,2024-06-17T04:54:04.462Z,2024-06-17T04:54:04.462Z,Good (0x00000000)
2024-06-17T04:55:04.446Z,36.77000045776367,2024-06-17T04:55:04.460Z,2024-06-17T04:55:04.460Z,Good (0x00000000)
2024-06-17T04:56:04.031Z,36.77000045776367,2024-06-17T04:56:04.045Z,2024-06-17T04:56:04.045Z,Good (0x00000000)
2024-06-17T04:57:04.229Z,36.77000045776367,2024-06-17T04:57:04.245Z,2024-06-17T04:57:04.245Z,Good (0x00000000)
2024-06-17T04:58:04.525Z,36.83000183105469,2024-06-17T04:58:04.540Z,2024-06-17T04:58:04.540Z,Good (0x00000000)
2024-06-17T04:59:04.696Z,36.88999938964844,2024-06-17T04:59:04.709Z,2024-06-17T04:59:04.709Z,Good (0x00000000)
2024-06-17T05:00:06.500Z,36.88999938964844,2024-06-17T05:00:06.514Z,2024-06-17T05:00:06.514Z,Good (0x00000000)
2024-06-17T05:01:04.946Z,36.88999938964844,2024-06-17T05:01:04.961Z,2024-06-17T05:01:04.961Z,Good (0x00000000)
2024-06-17T05:02:03.816Z,36.88999938964844,2024-06-17T05:02:03.830Z,2024-06-17T05:02:03.830Z,Good (0x00000000)
2024-06-17T05:03:03.645Z,36.88999938964844,2024-06-17T05:03:03.659Z,2024-06-17T05:03:03.659Z,Good (0x00000000)
2024-06-17T05:04:04.459Z,36.88999938964844,2024-06-17T05:04:04.472Z,2024-06-17T05:04:04.472Z,Good (0x00000000)
2024-06-17T05:05:04.569Z,36.88999938964844,2024-06-17T05:05:04.583Z,2024-06-17T05:05:04.583Z,Good (0x00000000)
2024-06-17T05:06:05.410Z,36.970001220703125,2024-06-17T05:06:05.424Z,2024-06-17T05:06:05.424Z,Good (0x00000000)
2024-06-17T05:07:04.543Z,37,2024-06-17T05:07:04.558Z,2024-06-17T05:07:04.558Z,Good (0x00000000)
2024-06-17T05:08:04.139Z,37,2024-06-17T05:08:04.152Z,2024-06-17T05:08:04.152Z,Good (0x00000000)
2024-06-17T05:09:04.279Z,37,2024-06-17T05:09:04.293Z,2024-06-17T05:09:04.292Z,Good (0x00000000)
2024-06-17T05:10:04.179Z,37,2024-06-17T05:10:04.193Z,2024-06-17T05:10:04.193Z,Good (0x00000000)
2024-06-17T05:11:04.672Z,37,2024-06-17T05:11:04.685Z,2024-06-17T05:11:04.685Z,Good (0x00000000)
2024-06-17T05:12:04.766Z,37,2024-06-17T05:12:04.780Z,2024-06-17T05:12:04.780Z,Good (0x00000000)
2024-06-17T05:13:04.688Z,37,2024-06-17T05:13:04.702Z,2024-06-17T05:13:04.702Z,Good (0x00000000)
2024-06-17T05:14:04.175Z,37,2024-06-17T05:14:04.188Z,2024-06-17T05:14:04.188Z,Good (0x00000000)
2024-06-17T05:15:04.585Z,37,2024-06-17T05:15:04.602Z,2024-06-17T05:15:04.602Z,Good (0x00000000)
2024-06-17T05:16:04.337Z,37.06999969482422,2024-06-17T05:16:04.355Z,2024-06-17T05:16:04.354Z,Good (0x00000000)
2024-06-17T05:17:04.700Z,37.09000015258789,2024-06-17T05:17:04.714Z,2024-06-17T05:17:04.714Z,Good (0x00000000)
2024-06-17T05:18:04.675Z,37.11000061035156,2024-06-17T05:18:04.689Z,2024-06-17T05:18:04.689Z,Good (0x00000000)
2024-06-17T05:19:04.503Z,37.11000061035156,2024-06-17T05:19:04.517Z,2024-06-17T05:19:04.517Z,Good (0x00000000)
2024-06-17T05:20:04.606Z,37.11000061035156,2024-06-17T05:20:04.620Z,2024-06-17T05:20:04.620Z,Good (0x00000000)
2024-06-17T05:21:04.289Z,37.11000061035156,2024-06-17T05:21:04.302Z,2024-06-17T05:21:04.302Z,Good (0x00000000)
2024-06-17T05:22:04.324Z,37.11000061035156,2024-06-17T05:22:04.339Z,2024-06-17T05:22:04.339Z,Good (0x00000000)
2024-06-17T05:23:04.195Z,37.11000061035156,2024-06-17T05:23:04.208Z,2024-06-17T05:23:04.208Z,Good (0x00000000)
2024-06-17T05:24:04.759Z,37.11000061035156,2024-06-17T05:24:04.772Z,2024-06-17T05:24:04.772Z,Good (0x00000000)
2024-06-17T05:25:04.603Z,37.11000061035156,2024-06-17T05:25:04.617Z,2024-06-17T05:25:04.616Z,Good (0x00000000)
2024-06-17T05:26:04.736Z,37.11000061035156,2024-06-17T05:26:04.749Z,2024-06-17T05:26:04.749Z,Good (0x00000000)
2024-06-17T05:27:04.541Z,37.11000061035156,2024-06-17T05:27:04.554Z,2024-06-17T05:27:04.554Z,Good (0x00000000)
2024-06-17T05:28:04.466Z,37.11000061035156,2024-06-17T05:28:04.479Z,2024-06-17T05:28:04.479Z,Good (0x00000000)
2024-06-17T05:29:04.321Z,37.11000061035156,2024-06-17T05:29:04.334Z,2024-06-17T05:29:04.333Z,Good (0x00000000)
2024-06-17T05:30:04.455Z,37.11000061035156,2024-06-17T05:30:04.468Z,2024-06-17T05:30:04.468Z,Good (0x00000000)
2024-06-17T05:31:03.762Z,37.11000061035156,2024-06-17T05:31:03.775Z,2024-06-17T05:31:03.775Z,Good (0x00000000)
2024-06-17T05:32:04.235Z,37.11000061035156,2024-06-17T05:32:04.248Z,2024-06-17T05:32:04.248Z,Good (0x00000000)
2024-06-17T05:33:04.663Z,37.11000061035156,2024-06-17T05:33:04.675Z,2024-06-17T05:33:04.675Z,Good (0x00000000)
2024-06-17T05:34:04.891Z,37.11000061035156,2024-06-17T05:34:04.905Z,2024-06-17T05:34:04.905Z,Good (0x00000000)
2024-06-17T05:35:04.241Z,37.11000061035156,2024-06-17T05:35:04.253Z,2024-06-17T05:35:04.253Z,Good (0x00000000)
2024-06-17T05:36:04.891Z,37.11000061035156,2024-06-17T05:36:04.911Z,2024-06-17T05:36:04.911Z,Good (0x00000000)
2024-06-17T05:37:03.786Z,37.11000061035156,2024-06-17T05:37:03.798Z,2024-06-17T05:37:03.798Z,Good (0x00000000)
2024-06-17T05:38:04.094Z,37.11000061035156,2024-06-17T05:38:04.106Z,2024-06-17T05:38:04.106Z,Good (0x00000000)
2024-06-17T05:39:05.092Z,37.11000061035156,2024-06-17T05:39:05.105Z,2024-06-17T05:39:05.105Z,Good (0x00000000)
2024-06-17T05:40:04.595Z,37.11000061035156,2024-06-17T05:40:04.608Z,2024-06-17T05:40:04.608Z,Good (0x00000000)
2024-06-17T05:41:04.391Z,37.11000061035156,2024-06-17T05:41:04.405Z,2024-06-17T05:41:04.405Z,Good (0x00000000)
2024-06-17T05:42:04.224Z,37.11000061035156,2024-06-17T05:42:04.237Z,2024-06-17T05:42:04.237Z,Good (0x00000000)
2024-06-17T05:43:04.320Z,37.11000061035156,2024-06-17T05:43:04.332Z,2024-06-17T05:43:04.332Z,Good (0x00000000)
2024-06-17T05:44:03.778Z,37.11000061035156,2024-06-17T05:44:03.796Z,2024-06-17T05:44:03.796Z,Good (0x00000000)
2024-06-17T05:45:04.894Z,37.11000061035156,2024-06-17T05:45:04.907Z,2024-06-17T05:45:04.907Z,Good (0x00000000)
2024-06-17T05:46:03.890Z,37.11000061035156,2024-06-17T05:46:03.906Z,2024-06-17T05:46:03.905Z,Good (0x00000000)
2024-06-17T05:47:04.334Z,37.11000061035156,2024-06-17T05:47:04.348Z,2024-06-17T05:47:04.348Z,Good (0x00000000)
2024-06-17T05:48:04.664Z,37.11000061035156,2024-06-17T05:48:04.678Z,2024-06-17T05:48:04.678Z,Good (0x00000000)
2024-06-17T05:49:04.453Z,37.11000061035156,2024-06-17T05:49:04.466Z,2024-06-17T05:49:04.466Z,Good (0x00000000)
2024-06-17T05:50:04.536Z,37.11000061035156,2024-06-17T05:50:04.549Z,2024-06-17T05:50:04.549Z,Good (0x00000000)
2024-06-17T05:51:04.779Z,37.11000061035156,2024-06-17T05:51:04.792Z,2024-06-17T05:51:04.792Z,Good (0x00000000)
2024-06-17T05:52:05.259Z,37.11000061035156,2024-06-17T05:52:05.272Z,2024-06-17T05:52:05.272Z,Good (0x00000000)
2024-06-17T05:53:04.529Z,37.11000061035156,2024-06-17T05:53:04.542Z,2024-06-17T05:53:04.542Z,Good (0x00000000)
2024-06-17T05:54:04.431Z,37.11000061035156,2024-06-17T05:54:04.445Z,2024-06-17T05:54:04.445Z,Good (0x00000000)
2024-06-17T05:55:04.333Z,37.11000061035156,2024-06-17T05:55:04.346Z,2024-06-17T05:55:04.346Z,Good (0x00000000)
2024-06-17T05:56:04.692Z,37.11000061035156,2024-06-17T05:56:04.704Z,2024-06-17T05:56:04.704Z,Good (0x00000000)
2024-06-17T05:57:04.671Z,37.13999938964844,2024-06-17T05:57:04.684Z,2024-06-17T05:57:04.684Z,Good (0x00000000)
2024-06-17T05:58:04.144Z,37.13999938964844,2024-06-17T05:58:04.158Z,2024-06-17T05:58:04.158Z,Good (0x00000000)
2024-06-17T05:59:04.248Z,37.20000076293945,2024-06-17T05:59:04.260Z,2024-06-17T05:59:04.260Z,Good (0x00000000)
2024-06-17T06:00:05.498Z,37.22999954223633,2024-06-17T06:00:05.513Z,2024-06-17T06:00:05.513Z,Good (0x00000000)
2024-06-17T06:01:05.083Z,37.22999954223633,2024-06-17T06:01:05.096Z,2024-06-17T06:01:05.096Z,Good (0x00000000)
2024-06-17T06:02:04.328Z,37.22999954223633,2024-06-17T06:02:04.342Z,2024-06-17T06:02:04.342Z,Good (0x00000000)
2024-06-17T06:03:04.179Z,37.22999954223633,2024-06-17T06:03:04.191Z,2024-06-17T06:03:04.191Z,Good (0x00000000)
2024-06-17T06:04:04.491Z,37.22999954223633,2024-06-17T06:04:04.504Z,2024-06-17T06:04:04.504Z,Good (0x00000000)
2024-06-17T06:05:04.692Z,37.22999954223633,2024-06-17T06:05:04.705Z,2024-06-17T06:05:04.705Z,Good (0x00000000)
2024-06-17T06:06:04.941Z,37.2400016784668,2024-06-17T06:06:04.954Z,2024-06-17T06:06:04.954Z,Good (0x00000000)
2024-06-17T06:07:04.353Z,37.33000183105469,2024-06-17T06:07:04.366Z,2024-06-17T06:07:04.365Z,Good (0x00000000)
2024-06-17T06:08:04.220Z,37.36000061035156,2024-06-17T06:08:04.234Z,2024-06-17T06:08:04.234Z,Good (0x00000000)
2024-06-17T06:09:04.894Z,37.36000061035156,2024-06-17T06:09:04.906Z,2024-06-17T06:09:04.906Z,Good (0x00000000)
2024-06-17T06:10:04.630Z,37.36000061035156,2024-06-17T06:10:04.642Z,2024-06-17T06:10:04.642Z,Good (0x00000000)
2024-06-17T06:11:04.887Z,37.36000061035156,2024-06-17T06:11:04.899Z,2024-06-17T06:11:04.899Z,Good (0x00000000)
2024-06-17T06:12:04.426Z,37.36000061035156,2024-06-17T06:12:04.439Z,2024-06-17T06:12:04.439Z,Good (0x00000000)
2024-06-17T06:13:04.863Z,37.36000061035156,2024-06-17T06:13:04.874Z,2024-06-17T06:13:04.874Z,Good (0x00000000)
2024-06-17T06:14:04.550Z,37.369998931884766,2024-06-17T06:14:04.563Z,2024-06-17T06:14:04.563Z,Good (0x00000000)
2024-06-17T06:15:05.469Z,37.58000183105469,2024-06-17T06:15:05.482Z,2024-06-17T06:15:05.482Z,Good (0x00000000)
2024-06-17T06:16:04.703Z,39.66999816894531,2024-06-17T06:16:04.716Z,2024-06-17T06:16:04.716Z,Good (0x00000000)
2024-06-17T06:17:04.653Z,40.779998779296875,2024-06-17T06:17:04.666Z,2024-06-17T06:17:04.666Z,Good (0x00000000)
2024-06-17T06:18:04.508Z,40.88999938964844,2024-06-17T06:18:04.522Z,2024-06-17T06:18:04.522Z,Good (0x00000000)
2024-06-17T06:19:04.553Z,40.86000061035156,2024-06-17T06:19:04.567Z,2024-06-17T06:19:04.567Z,Good (0x00000000)
2024-06-17T06:20:04.600Z,40.68000030517578,2024-06-17T06:20:04.614Z,2024-06-17T06:20:04.614Z,Good (0x00000000)
2024-06-17T06:21:04.919Z,40.560001373291016,2024-06-17T06:21:04.932Z,2024-06-17T06:21:04.932Z,Good (0x00000000)
2024-06-17T06:22:03.570Z,41.150001525878906,2024-06-17T06:22:03.584Z,2024-06-17T06:22:03.584Z,Good (0x00000000)
2024-06-17T06:23:04.062Z,43.029998779296875,2024-06-17T06:23:04.075Z,2024-06-17T06:23:04.075Z,Good (0x00000000)
2024-06-17T06:24:04.240Z,44.38999938964844,2024-06-17T06:24:04.252Z,2024-06-17T06:24:04.252Z,Good (0x00000000)
2024-06-17T06:25:04.445Z,44.52000045776367,2024-06-17T06:25:04.458Z,2024-06-17T06:25:04.458Z,Good (0x00000000)
2024-06-17T06:26:05.177Z,44.38999938964844,2024-06-17T06:26:05.191Z,2024-06-17T06:26:05.191Z,Good (0x00000000)
2024-06-17T06:27:04.672Z,44.22999954223633,2024-06-17T06:27:04.688Z,2024-06-17T06:27:04.688Z,Good (0x00000000)
2024-06-17T06:28:04.744Z,44.02000045776367,2024-06-17T06:28:04.758Z,2024-06-17T06:28:04.758Z,Good (0x00000000)
2024-06-17T06:29:04.373Z,43.79999923706055,2024-06-17T06:29:04.387Z,2024-06-17T06:29:04.387Z,Good (0x00000000)
2024-06-17T06:30:04.794Z,44.779998779296875,2024-06-17T06:30:04.808Z,2024-06-17T06:30:04.808Z,Good (0x00000000)
2024-06-17T06:31:04.333Z,45.33000183105469,2024-06-17T06:31:04.347Z,2024-06-17T06:31:04.347Z,Good (0x00000000)
2024-06-17T06:32:04.944Z,45.33000183105469,2024-06-17T06:32:04.958Z,2024-06-17T06:32:04.958Z,Good (0x00000000)
2024-06-17T06:33:04.316Z,45.33000183105469,2024-06-17T06:33:04.330Z,2024-06-17T06:33:04.330Z,Good (0x00000000)
2024-06-17T06:34:03.878Z,45.220001220703125,2024-06-17T06:34:03.891Z,2024-06-17T06:34:03.891Z,Good (0x00000000)
2024-06-17T06:35:04.675Z,45.11000061035156,2024-06-17T06:35:04.688Z,2024-06-17T06:35:04.688Z,Good (0x00000000)
2024-06-17T06:36:04.478Z,45,2024-06-17T06:36:04.492Z,2024-06-17T06:36:04.492Z,Good (0x00000000)
2024-06-17T06:37:04.123Z,45,2024-06-17T06:37:04.137Z,2024-06-17T06:37:04.137Z,Good (0x00000000)
2024-06-17T06:38:04.597Z,45.34000015258789,2024-06-17T06:38:04.610Z,2024-06-17T06:38:04.610Z,Good (0x00000000)
2024-06-17T06:39:04.961Z,45.220001220703125,2024-06-17T06:39:04.974Z,2024-06-17T06:39:04.974Z,Good (0x00000000)
2024-06-17T06:40:04.783Z,45.02000045776367,2024-06-17T06:40:04.797Z,2024-06-17T06:40:04.797Z,Good (0x00000000)
2024-06-17T06:41:04.542Z,44.88999938964844,2024-06-17T06:41:04.557Z,2024-06-17T06:41:04.557Z,Good (0x00000000)
2024-06-17T06:42:05.011Z,44.779998779296875,2024-06-17T06:42:05.026Z,2024-06-17T06:42:05.026Z,Good (0x00000000)
2024-06-17T06:43:04.211Z,44.66999816894531,2024-06-17T06:43:04.224Z,2024-06-17T06:43:04.224Z,Good (0x00000000)
2024-06-17T06:44:04.287Z,44.560001373291016,2024-06-17T06:44:04.301Z,2024-06-17T06:44:04.300Z,Good (0x00000000)
2024-06-17T06:45:04.543Z,44.45000076293945,2024-06-17T06:45:04.561Z,2024-06-17T06:45:04.561Z,Good (0x00000000)
2024-06-17T06:46:03.911Z,44.45000076293945,2024-06-17T06:46:03.925Z,2024-06-17T06:46:03.925Z,Good (0x00000000)
2024-06-17T06:47:04.445Z,44.34000015258789,2024-06-17T06:47:04.458Z,2024-06-17T06:47:04.458Z,Good (0x00000000)
2024-06-17T06:48:04.488Z,44.22999954223633,2024-06-17T06:48:04.502Z,2024-06-17T06:48:04.501Z,Good (0x00000000)
2024-06-17T06:49:04.384Z,44.130001068115234,2024-06-17T06:49:04.398Z,2024-06-17T06:49:04.398Z,Good (0x00000000)
2024-06-17T06:50:04.319Z,44.02000045776367,2024-06-17T06:50:04.333Z,2024-06-17T06:50:04.333Z,Good (0x00000000)
2024-06-17T06:51:04.398Z,43.90999984741211,2024-06-17T06:51:04.413Z,2024-06-17T06:51:04.413Z,Good (0x00000000)
2024-06-17T06:52:04.786Z,43.79999923706055,2024-06-17T06:52:04.801Z,2024-06-17T06:52:04.801Z,Good (0x00000000)
2024-06-17T06:53:04.266Z,43.689998626708984,2024-06-17T06:53:04.280Z,2024-06-17T06:53:04.280Z,Good (0x00000000)
2024-06-17T06:54:04.688Z,43.58000183105469,2024-06-17T06:54:04.702Z,2024-06-17T06:54:04.702Z,Good (0x00000000)
2024-06-17T06:55:04.384Z,43.470001220703125,2024-06-17T06:55:04.398Z,2024-06-17T06:55:04.398Z,Good (0x00000000)
2024-06-17T06:56:04.683Z,43.36000061035156,2024-06-17T06:56:04.698Z,2024-06-17T06:56:04.698Z,Good (0x00000000)
2024-06-17T06:57:04.145Z,43.25,2024-06-17T06:57:04.158Z,2024-06-17T06:57:04.158Z,Good (0x00000000)
2024-06-17T06:58:04.662Z,43.130001068115234,2024-06-17T06:58:04.675Z,2024-06-17T06:58:04.675Z,Good (0x00000000)
2024-06-17T06:59:04.908Z,43.02000045776367,2024-06-17T06:59:04.922Z,2024-06-17T06:59:04.922Z,Good (0x00000000)
2024-06-17T07:00:06.458Z,42.90999984741211,2024-06-17T07:00:06.471Z,2024-06-17T07:00:06.471Z,Good (0x00000000)
2024-06-17T07:01:04.803Z,42.79999923706055,2024-06-17T07:01:04.818Z,2024-06-17T07:01:04.818Z,Good (0x00000000)
2024-06-17T07:02:04.371Z,42.689998626708984,2024-06-17T07:02:04.384Z,2024-06-17T07:02:04.384Z,Good (0x00000000)
2024-06-17T07:03:04.994Z,42.58000183105469,2024-06-17T07:03:05.009Z,2024-06-17T07:03:05.009Z,Good (0x00000000)
2024-06-17T07:04:04.536Z,42.470001220703125,2024-06-17T07:04:04.551Z,2024-06-17T07:04:04.551Z,Good (0x00000000)
2024-06-17T07:05:04.452Z,42.36000061035156,2024-06-17T07:05:04.464Z,2024-06-17T07:05:04.464Z,Good (0x00000000)
2024-06-17T07:06:05.233Z,42.25,2024-06-17T07:06:05.246Z,2024-06-17T07:06:05.246Z,Good (0x00000000)
2024-06-17T07:07:04.503Z,42.13999938964844,2024-06-17T07:07:04.517Z,2024-06-17T07:07:04.517Z,Good (0x00000000)
2024-06-17T07:08:04.269Z,42.029998779296875,2024-06-17T07:08:04.283Z,2024-06-17T07:08:04.283Z,Good (0x00000000)
2024-06-17T07:09:03.977Z,41.91999816894531,2024-06-17T07:09:03.991Z,2024-06-17T07:09:03.991Z,Good (0x00000000)
2024-06-17T07:10:04.484Z,41.79999923706055,2024-06-17T07:10:04.498Z,2024-06-17T07:10:04.498Z,Good (0x00000000)
2024-06-17T07:11:04.239Z,41.79999923706055,2024-06-17T07:11:04.254Z,2024-06-17T07:11:04.254Z,Good (0x00000000)
2024-06-17T07:12:04.599Z,43.25,2024-06-17T07:12:04.612Z,2024-06-17T07:12:04.612Z,Good (0x00000000)
2024-06-17T07:13:05.036Z,45.619998931884766,2024-06-17T07:13:05.049Z,2024-06-17T07:13:05.049Z,Good (0x00000000)
2024-06-17T07:14:04.442Z,46.41999816894531,2024-06-17T07:14:04.458Z,2024-06-17T07:14:04.458Z,Good (0x00000000)
2024-06-17T07:15:04.671Z,46.470001220703125,2024-06-17T07:15:04.685Z,2024-06-17T07:15:04.685Z,Good (0x00000000)
2024-06-17T07:16:04.545Z,46.310001373291016,2024-06-17T07:16:04.561Z,2024-06-17T07:16:04.561Z,Good (0x00000000)
2024-06-17T07:17:05.360Z,46.52000045776367,2024-06-17T07:17:05.374Z,2024-06-17T07:17:05.374Z,Good (0x00000000)
2024-06-17T07:18:04.881Z,46.630001068115234,2024-06-17T07:18:04.897Z,2024-06-17T07:18:04.897Z,Good (0x00000000)
2024-06-17T07:19:04.646Z,49.36000061035156,2024-06-17T07:19:04.660Z,2024-06-17T07:19:04.660Z,Good (0x00000000)
2024-06-17T07:20:04.346Z,50.91999816894531,2024-06-17T07:20:04.361Z,2024-06-17T07:20:04.361Z,Good (0x00000000)
2024-06-17T07:21:04.451Z,50.810001373291016,2024-06-17T07:21:04.465Z,2024-06-17T07:21:04.465Z,Good (0x00000000)
2024-06-17T07:22:04.236Z,50.5,2024-06-17T07:22:04.250Z,2024-06-17T07:22:04.250Z,Good (0x00000000)
2024-06-17T07:23:04.883Z,50.5,2024-06-17T07:23:04.897Z,2024-06-17T07:23:04.897Z,Good (0x00000000)
2024-06-17T07:24:04.851Z,50.5,2024-06-17T07:24:04.875Z,2024-06-17T07:24:04.875Z,Good (0x00000000)
2024-06-17T07:25:04.277Z,50.5,2024-06-17T07:25:04.292Z,2024-06-17T07:25:04.292Z,Good (0x00000000)
2024-06-17T07:26:05.232Z,50.38999938964844,2024-06-17T07:26:05.247Z,2024-06-17T07:26:05.247Z,Good (0x00000000)
2024-06-17T07:27:04.585Z,50.279998779296875,2024-06-17T07:27:04.600Z,2024-06-17T07:27:04.600Z,Good (0x00000000)
2024-06-17T07:28:05.166Z,50.189998626708984,2024-06-17T07:28:05.179Z,2024-06-17T07:28:05.179Z,Good (0x00000000)
2024-06-17T07:29:04.915Z,50.189998626708984,2024-06-17T07:29:04.930Z,2024-06-17T07:29:04.930Z,Good (0x00000000)
2024-06-17T07:30:05.235Z,50.38999938964844,2024-06-17T07:30:05.249Z,2024-06-17T07:30:05.249Z,Good (0x00000000)
2024-06-17T07:31:04.545Z,50.61000061035156,2024-06-17T07:31:04.560Z,2024-06-17T07:31:04.560Z,Good (0x00000000)
2024-06-17T07:32:04.702Z,50.810001373291016,2024-06-17T07:32:04.717Z,2024-06-17T07:32:04.717Z,Good (0x00000000)
2024-06-17T07:33:05.211Z,51.04999923706055,2024-06-17T07:33:05.226Z,2024-06-17T07:33:05.226Z,Good (0x00000000)
2024-06-17T07:34:04.747Z,51.13999938964844,2024-06-17T07:34:04.763Z,2024-06-17T07:34:04.763Z,Good (0x00000000)
2024-06-17T07:35:04.627Z,51.13999938964844,2024-06-17T07:35:04.665Z,2024-06-17T07:35:04.665Z,Good (0x00000000)
2024-06-17T07:36:04.866Z,51.22999954223633,2024-06-17T07:36:04.882Z,2024-06-17T07:36:04.882Z,Good (0x00000000)
2024-06-17T07:37:04.319Z,51.22999954223633,2024-06-17T07:37:04.442Z,2024-06-17T07:37:04.442Z,Good (0x00000000)
2024-06-17T07:38:04.634Z,51.34000015258789,2024-06-17T07:38:04.717Z,2024-06-17T07:38:04.717Z,Good (0x00000000)
2024-06-17T07:39:05.035Z,51.34000015258789,2024-06-17T07:39:05.050Z,2024-06-17T07:39:05.050Z,Good (0x00000000)
2024-06-17T07:40:04.882Z,51.459999084472656,2024-06-17T07:40:04.898Z,2024-06-17T07:40:04.898Z,Good (0x00000000)
2024-06-17T07:41:04.749Z,51.470001220703125,2024-06-17T07:41:04.767Z,2024-06-17T07:41:04.767Z,Good (0x00000000)
2024-06-17T07:42:05.005Z,51.34000015258789,2024-06-17T07:42:05.020Z,2024-06-17T07:42:05.020Z,Good (0x00000000)
2024-06-17T07:43:04.131Z,51.22999954223633,2024-06-17T07:43:04.147Z,2024-06-17T07:43:04.147Z,Good (0x00000000)
2024-06-17T07:44:04.419Z,51.13999938964844,2024-06-17T07:44:04.434Z,2024-06-17T07:44:04.434Z,Good (0x00000000)
2024-06-17T07:45:04.626Z,51.04999923706055,2024-06-17T07:45:04.643Z,2024-06-17T07:45:04.643Z,Good (0x00000000)
2024-06-17T07:46:04.918Z,50.91999816894531,2024-06-17T07:46:04.932Z,2024-06-17T07:46:04.932Z,Good (0x00000000)
2024-06-17T07:47:04.368Z,50.720001220703125,2024-06-17T07:47:04.452Z,2024-06-17T07:47:04.452Z,Good (0x00000000)
2024-06-17T07:48:04.624Z,50.61000061035156,2024-06-17T07:48:04.641Z,2024-06-17T07:48:04.641Z,Good (0x00000000)
2024-06-17T07:49:04.120Z,50.5,2024-06-17T07:49:04.139Z,2024-06-17T07:49:04.139Z,Good (0x00000000)
2024-06-17T07:50:04.617Z,50.279998779296875,2024-06-17T07:50:04.632Z,2024-06-17T07:50:04.632Z,Good (0x00000000)
2024-06-17T07:51:04.705Z,50.189998626708984,2024-06-17T07:51:04.738Z,2024-06-17T07:51:04.738Z,Good (0x00000000)
2024-06-17T07:52:05.399Z,49.95000076293945,2024-06-17T07:52:05.415Z,2024-06-17T07:52:05.415Z,Good (0x00000000)
2024-06-17T07:53:04.664Z,49.86000061035156,2024-06-17T07:53:04.686Z,2024-06-17T07:53:04.686Z,Good (0x00000000)
2024-06-17T07:54:04.608Z,49.63999938964844,2024-06-17T07:54:04.633Z,2024-06-17T07:54:04.633Z,Good (0x00000000)
2024-06-17T07:55:04.645Z,49.529998779296875,2024-06-17T07:55:04.661Z,2024-06-17T07:55:04.661Z,Good (0x00000000)
2024-06-17T07:56:05.253Z,49.33000183105469,2024-06-17T07:56:05.268Z,2024-06-17T07:56:05.268Z,Good (0x00000000)
2024-06-17T07:57:04.250Z,49.220001220703125,2024-06-17T07:57:04.265Z,2024-06-17T07:57:04.265Z,Good (0x00000000)
2024-06-17T07:58:04.750Z,49,2024-06-17T07:58:04.766Z,2024-06-17T07:58:04.766Z,Good (0x00000000)
2024-06-17T07:59:04.458Z,48.790000915527344,2024-06-17T07:59:04.477Z,2024-06-17T07:59:04.477Z,Good (0x00000000)
2024-06-17T08:00:07.064Z,48.66999816894531,2024-06-17T08:00:07.082Z,2024-06-17T08:00:07.082Z,Good (0x00000000)
2024-06-17T08:01:05.202Z,48.470001220703125,2024-06-17T08:01:05.231Z,2024-06-17T08:01:05.231Z,Good (0x00000000)
2024-06-17T08:02:04.817Z,48.36000061035156,2024-06-17T08:02:04.833Z,2024-06-17T08:02:04.833Z,Good (0x00000000)
2024-06-17T08:03:04.279Z,48.25,2024-06-17T08:03:04.296Z,2024-06-17T08:03:04.296Z,Good (0x00000000)
2024-06-17T08:04:04.626Z,48.04999923706055,2024-06-17T08:04:04.642Z,2024-06-17T08:04:04.642Z,Good (0x00000000)
2024-06-17T08:05:05.209Z,47.900001525878906,2024-06-17T08:05:05.225Z,2024-06-17T08:05:05.225Z,Good (0x00000000)
2024-06-17T08:06:05.020Z,47.720001220703125,2024-06-17T08:06:05.035Z,2024-06-17T08:06:05.035Z,Good (0x00000000)
2024-06-17T08:07:04.788Z,47.61000061035156,2024-06-17T08:07:04.805Z,2024-06-17T08:07:04.805Z,Good (0x00000000)
2024-06-17T08:08:04.492Z,47.38999938964844,2024-06-17T08:08:04.508Z,2024-06-17T08:08:04.508Z,Good (0x00000000)
2024-06-17T08:09:04.463Z,47.279998779296875,2024-06-17T08:09:04.478Z,2024-06-17T08:09:04.478Z,Good (0x00000000)
2024-06-17T08:10:04.897Z,47.08000183105469,2024-06-17T08:10:04.912Z,2024-06-17T08:10:04.912Z,Good (0x00000000)
2024-06-17T08:11:03.780Z,46.95000076293945,2024-06-17T08:11:03.797Z,2024-06-17T08:11:03.797Z,Good (0x00000000)
2024-06-17T08:12:04.618Z,46.84000015258789,2024-06-17T08:12:04.634Z,2024-06-17T08:12:04.634Z,Good (0x00000000)
2024-06-17T08:13:04.964Z,46.630001068115234,2024-06-17T08:13:04.980Z,2024-06-17T08:13:04.980Z,Good (0x00000000)
2024-06-17T08:14:04.603Z,46.52000045776367,2024-06-17T08:14:04.621Z,2024-06-17T08:14:04.621Z,Good (0x00000000)
2024-06-17T08:15:05.051Z,46.310001373291016,2024-06-17T08:15:05.069Z,2024-06-17T08:15:05.069Z,Good (0x00000000)
2024-06-17T08:16:04.221Z,46.20000076293945,2024-06-17T08:16:04.237Z,2024-06-17T08:16:04.237Z,Good (0x00000000)
2024-06-17T08:17:04.873Z,45.97999954223633,2024-06-17T08:17:04.888Z,2024-06-17T08:17:04.888Z,Good (0x00000000)
2024-06-17T08:18:04.696Z,45.880001068115234,2024-06-17T08:18:04.712Z,2024-06-17T08:18:04.712Z,Good (0x00000000)
2024-06-17T08:19:04.459Z,45.65999984741211,2024-06-17T08:19:04.476Z,2024-06-17T08:19:04.476Z,Good (0x00000000)
2024-06-17T08:20:04.540Z,45.439998626708984,2024-06-17T08:20:04.557Z,2024-06-17T08:20:04.557Z,Good (0x00000000)
2024-06-17T08:21:04.362Z,45.33000183105469,2024-06-17T08:21:04.379Z,2024-06-17T08:21:04.379Z,Good (0x00000000)
2024-06-17T08:22:04.781Z,45.11000061035156,2024-06-17T08:22:04.799Z,2024-06-17T08:22:04.799Z,Good (0x00000000)
2024-06-17T08:23:05.009Z,45,2024-06-17T08:23:05.025Z,2024-06-17T08:23:05.025Z,Good (0x00000000)
2024-06-17T08:24:04.334Z,44.779998779296875,2024-06-17T08:24:04.352Z,2024-06-17T08:24:04.352Z,Good (0x00000000)
2024-06-17T08:25:03.988Z,44.560001373291016,2024-06-17T08:25:04.004Z,2024-06-17T08:25:04.004Z,Good (0x00000000)
2024-06-17T08:26:04.949Z,44.45000076293945,2024-06-17T08:26:04.965Z,2024-06-17T08:26:04.965Z,Good (0x00000000)
2024-06-17T08:27:04.644Z,44.22999954223633,2024-06-17T08:27:04.659Z,2024-06-17T08:27:04.659Z,Good (0x00000000)
2024-06-17T08:28:05.044Z,44.130001068115234,2024-06-17T08:28:05.061Z,2024-06-17T08:28:05.061Z,Good (0x00000000)
2024-06-17T08:29:04.634Z,43.90999984741211,2024-06-17T08:29:04.651Z,2024-06-17T08:29:04.651Z,Good (0x00000000)
2024-06-17T08:30:05.399Z,43.79999923706055,2024-06-17T08:30:05.417Z,2024-06-17T08:30:05.417Z,Good (0x00000000)
2024-06-17T08:31:04.260Z,43.58000183105469,2024-06-17T08:31:04.275Z,2024-06-17T08:31:04.275Z,Good (0x00000000)
2024-06-17T08:32:04.548Z,43.470001220703125,2024-06-17T08:32:04.563Z,2024-06-17T08:32:04.563Z,Good (0x00000000)
2024-06-17T08:33:04.610Z,43.36000061035156,2024-06-17T08:33:04.626Z,2024-06-17T08:33:04.626Z,Good (0x00000000)
2024-06-17T08:34:04.343Z,43.25,2024-06-17T08:34:04.357Z,2024-06-17T08:34:04.357Z,Good (0x00000000)
2024-06-17T08:35:05.104Z,43.060001373291016,2024-06-17T08:35:05.119Z,2024-06-17T08:35:05.119Z,Good (0x00000000)
2024-06-17T08:36:04.571Z,42.95000076293945,2024-06-17T08:36:04.587Z,2024-06-17T08:36:04.587Z,Good (0x00000000)
2024-06-17T08:37:04.709Z,42.810001373291016,2024-06-17T08:37:04.724Z,2024-06-17T08:37:04.724Z,Good (0x00000000)
2024-06-17T08:38:04.770Z,42.7400016784668,2024-06-17T08:38:04.784Z,2024-06-17T08:38:04.784Z,Good (0x00000000)
2024-06-17T08:39:05.455Z,42.689998626708984,2024-06-17T08:39:05.469Z,2024-06-17T08:39:05.468Z,Good (0x00000000)
2024-06-17T08:40:05.263Z,42.58000183105469,2024-06-17T08:40:05.276Z,2024-06-17T08:40:05.276Z,Good (0x00000000)
2024-06-17T08:41:05.215Z,42.470001220703125,2024-06-17T08:41:05.230Z,2024-06-17T08:41:05.230Z,Good (0x00000000)
2024-06-17T08:42:05.052Z,42.36000061035156,2024-06-17T08:42:05.066Z,2024-06-17T08:42:05.066Z,Good (0x00000000)
2024-06-17T08:43:04.620Z,42.36000061035156,2024-06-17T08:43:04.634Z,2024-06-17T08:43:04.634Z,Good (0x00000000)
2024-06-17T08:44:04.215Z,42.25,2024-06-17T08:44:04.228Z,2024-06-17T08:44:04.228Z,Good (0x00000000)
2024-06-17T08:45:05.049Z,42.13999938964844,2024-06-17T08:45:05.065Z,2024-06-17T08:45:05.065Z,Good (0x00000000)
2024-06-17T08:46:04.154Z,42.13999938964844,2024-06-17T08:46:04.166Z,2024-06-17T08:46:04.166Z,Good (0x00000000)
2024-06-17T08:47:04.570Z,42.029998779296875,2024-06-17T08:47:04.583Z,2024-06-17T08:47:04.583Z,Good (0x00000000)
2024-06-17T08:48:04.659Z,42.029998779296875,2024-06-17T08:48:04.676Z,2024-06-17T08:48:04.676Z,Good (0x00000000)
2024-06-17T08:49:04.606Z,41.93000030517578,2024-06-17T08:49:04.619Z,2024-06-17T08:49:04.619Z,Good (0x00000000)
2024-06-17T08:50:05.024Z,41.91999816894531,2024-06-17T08:50:05.037Z,2024-06-17T08:50:05.037Z,Good (0x00000000)
2024-06-17T08:51:04.436Z,41.91999816894531,2024-06-17T08:51:04.450Z,2024-06-17T08:51:04.450Z,Good (0x00000000)
2024-06-17T08:52:04.382Z,41.91999816894531,2024-06-17T08:52:04.394Z,2024-06-17T08:52:04.394Z,Good (0x00000000)
2024-06-17T08:53:04.579Z,41.79999923706055,2024-06-17T08:53:04.592Z,2024-06-17T08:53:04.592Z,Good (0x00000000)
2024-06-17T08:54:04.704Z,41.79999923706055,2024-06-17T08:54:04.716Z,2024-06-17T08:54:04.716Z,Good (0x00000000)
2024-06-17T08:55:04.659Z,41.79999923706055,2024-06-17T08:55:04.677Z,2024-06-17T08:55:04.677Z,Good (0x00000000)
2024-06-17T08:56:04.532Z,41.79999923706055,2024-06-17T08:56:04.554Z,2024-06-17T08:56:04.554Z,Good (0x00000000)
2024-06-17T08:57:04.999Z,41.79999923706055,2024-06-17T08:57:05.015Z,2024-06-17T08:57:05.014Z,Good (0x00000000)
2024-06-17T08:58:04.298Z,41.79999923706055,2024-06-17T08:58:04.310Z,2024-06-17T08:58:04.310Z,Good (0x00000000)
2024-06-17T08:59:04.827Z,41.91999816894531,2024-06-17T08:59:04.839Z,2024-06-17T08:59:04.839Z,Good (0x00000000)
2024-06-17T09:00:07.839Z,41.91999816894531,2024-06-17T09:00:07.852Z,2024-06-17T09:00:07.852Z,Good (0x00000000)
2024-06-17T09:01:04.452Z,41.970001220703125,2024-06-17T09:01:04.464Z,2024-06-17T09:01:04.464Z,Good (0x00000000)
2024-06-17T09:02:04.562Z,43.290000915527344,2024-06-17T09:02:04.574Z,2024-06-17T09:02:04.574Z,Good (0x00000000)
2024-06-17T09:03:04.785Z,45.70000076293945,2024-06-17T09:03:04.796Z,2024-06-17T09:03:04.796Z,Good (0x00000000)
2024-06-17T09:04:04.778Z,48.540000915527344,2024-06-17T09:04:04.790Z,2024-06-17T09:04:04.790Z,Good (0x00000000)
2024-06-17T09:05:04.575Z,49.95000076293945,2024-06-17T09:05:04.587Z,2024-06-17T09:05:04.587Z,Good (0x00000000)
2024-06-17T09:06:05.405Z,50.61000061035156,2024-06-17T09:06:05.418Z,2024-06-17T09:06:05.418Z,Good (0x00000000)
2024-06-17T09:07:04.502Z,50.91999816894531,2024-06-17T09:07:04.515Z,2024-06-17T09:07:04.515Z,Good (0x00000000)
2024-06-17T09:08:04.481Z,50.91999816894531,2024-06-17T09:08:04.494Z,2024-06-17T09:08:04.494Z,Good (0x00000000)
2024-06-17T09:09:04.222Z,50.810001373291016,2024-06-17T09:09:04.237Z,2024-06-17T09:09:04.237Z,Good (0x00000000)
2024-06-17T09:10:04.987Z,50.72999954223633,2024-06-17T09:10:04.999Z,2024-06-17T09:10:04.999Z,Good (0x00000000)
2024-06-17T09:11:04.047Z,50.61000061035156,2024-06-17T09:11:04.061Z,2024-06-17T09:11:04.061Z,Good (0x00000000)
2024-06-17T09:12:04.773Z,50.439998626708984,2024-06-17T09:12:04.789Z,2024-06-17T09:12:04.789Z,Good (0x00000000)
2024-06-17T09:13:04.881Z,50.279998779296875,2024-06-17T09:13:04.896Z,2024-06-17T09:13:04.896Z,Good (0x00000000)
2024-06-17T09:14:04.749Z,50.060001373291016,2024-06-17T09:14:04.764Z,2024-06-17T09:14:04.764Z,Good (0x00000000)
2024-06-17T09:15:04.989Z,49.86000061035156,2024-06-17T09:15:05.003Z,2024-06-17T09:15:05.003Z,Good (0x00000000)
2024-06-17T09:16:04.101Z,49.63999938964844,2024-06-17T09:16:04.120Z,2024-06-17T09:16:04.120Z,Good (0x00000000)
2024-06-17T09:17:04.978Z,49.439998626708984,2024-06-17T09:17:04.992Z,2024-06-17T09:17:04.992Z,Good (0x00000000)
2024-06-17T09:18:04.506Z,49.220001220703125,2024-06-17T09:18:04.520Z,2024-06-17T09:18:04.520Z,Good (0x00000000)
2024-06-17T09:19:04.791Z,49.029998779296875,2024-06-17T09:19:04.810Z,2024-06-17T09:19:04.810Z,Good (0x00000000)
2024-06-17T09:20:04.435Z,48.90999984741211,2024-06-17T09:20:04.448Z,2024-06-17T09:20:04.448Z,Good (0x00000000)
2024-06-17T09:21:05.001Z,48.66999816894531,2024-06-17T09:21:05.016Z,2024-06-17T09:21:05.015Z,Good (0x00000000)
2024-06-17T09:22:04.391Z,48.470001220703125,2024-06-17T09:22:04.403Z,2024-06-17T09:22:04.403Z,Good (0x00000000)
2024-06-17T09:23:04.851Z,48.33000183105469,2024-06-17T09:23:04.864Z,2024-06-17T09:23:04.864Z,Good (0x00000000)
2024-06-17T09:24:04.584Z,48.13999938964844,2024-06-17T09:24:04.598Z,2024-06-17T09:24:04.598Z,Good (0x00000000)
2024-06-17T09:25:04.531Z,47.91999816894531,2024-06-17T09:25:04.546Z,2024-06-17T09:25:04.546Z,Good (0x00000000)
2024-06-17T09:26:05.095Z,47.810001373291016,2024-06-17T09:26:05.110Z,2024-06-17T09:26:05.110Z,Good (0x00000000)
2024-06-17T09:27:04.148Z,47.61000061035156,2024-06-17T09:27:04.161Z,2024-06-17T09:27:04.161Z,Good (0x00000000)
2024-06-17T09:28:04.545Z,47.5,2024-06-17T09:28:04.559Z,2024-06-17T09:28:04.559Z,Good (0x00000000)
2024-06-17T09:29:04.623Z,47.33000183105469,2024-06-17T09:29:04.638Z,2024-06-17T09:29:04.637Z,Good (0x00000000)
2024-06-17T09:30:04.959Z,47.16999816894531,2024-06-17T09:30:04.972Z,2024-06-17T09:30:04.972Z,Good (0x00000000)
2024-06-17T09:31:04.243Z,47.060001373291016,2024-06-17T09:31:04.257Z,2024-06-17T09:31:04.257Z,Good (0x00000000)
2024-06-17T09:32:04.351Z,46.95000076293945,2024-06-17T09:32:04.363Z,2024-06-17T09:32:04.363Z,Good (0x00000000)
2024-06-17T09:33:04.761Z,46.75,2024-06-17T09:33:04.774Z,2024-06-17T09:33:04.774Z,Good (0x00000000)
2024-06-17T09:34:04.436Z,46.630001068115234,2024-06-17T09:34:04.448Z,2024-06-17T09:34:04.448Z,Good (0x00000000)
2024-06-17T09:35:05.126Z,46.52000045776367,2024-06-17T09:35:05.140Z,2024-06-17T09:35:05.140Z,Good (0x00000000)
2024-06-17T09:36:04.857Z,46.41999816894531,2024-06-17T09:36:04.871Z,2024-06-17T09:36:04.871Z,Good (0x00000000)
2024-06-17T09:37:04.798Z,46.310001373291016,2024-06-17T09:37:04.811Z,2024-06-17T09:37:04.811Z,Good (0x00000000)
2024-06-17T09:38:04.614Z,46.11000061035156,2024-06-17T09:38:04.627Z,2024-06-17T09:38:04.627Z,Good (0x00000000)
2024-06-17T09:39:05.054Z,45.97999954223633,2024-06-17T09:39:05.068Z,2024-06-17T09:39:05.068Z,Good (0x00000000)
2024-06-17T09:40:04.786Z,45.880001068115234,2024-06-17T09:40:04.800Z,2024-06-17T09:40:04.800Z,Good (0x00000000)
2024-06-17T09:41:04.711Z,45.77000045776367,2024-06-17T09:41:04.724Z,2024-06-17T09:41:04.724Z,Good (0x00000000)
2024-06-17T09:42:05.152Z,45.65999984741211,2024-06-17T09:42:05.166Z,2024-06-17T09:42:05.166Z,Good (0x00000000)
2024-06-17T09:43:04.181Z,45.54999923706055,2024-06-17T09:43:04.195Z,2024-06-17T09:43:04.195Z,Good (0x00000000)
2024-06-17T09:44:04.055Z,45.439998626708984,2024-06-17T09:44:04.070Z,2024-06-17T09:44:04.070Z,Good (0x00000000)
2024-06-17T09:45:04.529Z,45.33000183105469,2024-06-17T09:45:04.545Z,2024-06-17T09:45:04.545Z,Good (0x00000000)
2024-06-17T09:46:04.406Z,45.119998931884766,2024-06-17T09:46:04.420Z,2024-06-17T09:46:04.420Z,Good (0x00000000)
2024-06-17T09:47:04.609Z,45,2024-06-17T09:47:04.623Z,2024-06-17T09:47:04.623Z,Good (0x00000000)
2024-06-17T09:48:04.745Z,44.88999938964844,2024-06-17T09:48:04.759Z,2024-06-17T09:48:04.759Z,Good (0x00000000)
2024-06-17T09:49:04.576Z,44.779998779296875,2024-06-17T09:49:04.590Z,2024-06-17T09:49:04.590Z,Good (0x00000000)
2024-06-17T09:50:04.938Z,44.66999816894531,2024-06-17T09:50:04.954Z,2024-06-17T09:50:04.954Z,Good (0x00000000)
2024-06-17T09:51:04.369Z,44.5,2024-06-17T09:51:04.384Z,2024-06-17T09:51:04.384Z,Good (0x00000000)
2024-06-17T09:52:04.974Z,44.34000015258789,2024-06-17T09:52:04.989Z,2024-06-17T09:52:04.989Z,Good (0x00000000)
2024-06-17T09:53:04.799Z,44.22999954223633,2024-06-17T09:53:04.815Z,2024-06-17T09:53:04.815Z,Good (0x00000000)
2024-06-17T09:54:04.896Z,44.130001068115234,2024-06-17T09:54:04.912Z,2024-06-17T09:54:04.912Z,Good (0x00000000)
2024-06-17T09:55:04.879Z,44.02000045776367,2024-06-17T09:55:04.894Z,2024-06-17T09:55:04.894Z,Good (0x00000000)
2024-06-17T09:56:04.262Z,43.90999984741211,2024-06-17T09:56:04.277Z,2024-06-17T09:56:04.277Z,Good (0x00000000)
2024-06-17T09:57:04.255Z,43.79999923706055,2024-06-17T09:57:04.271Z,2024-06-17T09:57:04.271Z,Good (0x00000000)
2024-06-17T09:58:04.718Z,43.689998626708984,2024-06-17T09:58:04.735Z,2024-06-17T09:58:04.735Z,Good (0x00000000)
2024-06-17T09:59:04.711Z,43.58000183105469,2024-06-17T09:59:04.727Z,2024-06-17T09:59:04.727Z,Good (0x00000000)
2024-06-17T10:00:07.983Z,43.470001220703125,2024-06-17T10:00:07.999Z,2024-06-17T10:00:07.999Z,Good (0x00000000)
2024-06-17T10:01:04.652Z,43.36000061035156,2024-06-17T10:01:04.667Z,2024-06-17T10:01:04.667Z,Good (0x00000000)
2024-06-17T10:02:04.938Z,43.36000061035156,2024-06-17T10:02:04.958Z,2024-06-17T10:02:04.958Z,Good (0x00000000)
2024-06-17T10:03:04.561Z,43.25,2024-06-17T10:03:04.577Z,2024-06-17T10:03:04.577Z,Good (0x00000000)
2024-06-17T10:04:04.599Z,45.97999954223633,2024-06-17T10:04:04.618Z,2024-06-17T10:04:04.618Z,Good (0x00000000)
2024-06-17T10:05:04.578Z,47.79999923706055,2024-06-17T10:05:04.594Z,2024-06-17T10:05:04.594Z,Good (0x00000000)
2024-06-17T10:06:05.283Z,50.20000076293945,2024-06-17T10:06:05.298Z,2024-06-17T10:06:05.298Z,Good (0x00000000)
2024-06-17T10:07:05.155Z,51.439998626708984,2024-06-17T10:07:05.171Z,2024-06-17T10:07:05.171Z,Good (0x00000000)
2024-06-17T10:08:05.472Z,52.06999969482422,2024-06-17T10:08:05.488Z,2024-06-17T10:08:05.488Z,Good (0x00000000)
2024-06-17T10:09:04.614Z,52.52000045776367,2024-06-17T10:09:04.629Z,2024-06-17T10:09:04.629Z,Good (0x00000000)
2024-06-17T10:10:04.336Z,52.619998931884766,2024-06-17T10:10:04.353Z,2024-06-17T10:10:04.353Z,Good (0x00000000)
2024-06-17T10:11:04.490Z,52.720001220703125,2024-06-17T10:11:04.505Z,2024-06-17T10:11:04.505Z,Good (0x00000000)
2024-06-17T10:12:05.348Z,52.84000015258789,2024-06-17T10:12:05.363Z,2024-06-17T10:12:05.363Z,Good (0x00000000)
2024-06-17T10:13:04.879Z,52.95000076293945,2024-06-17T10:13:04.894Z,2024-06-17T10:13:04.894Z,Good (0x00000000)
2024-06-17T10:14:04.891Z,53.060001373291016,2024-06-17T10:14:04.907Z,2024-06-17T10:14:04.907Z,Good (0x00000000)
2024-06-17T10:15:05.157Z,53.279998779296875,2024-06-17T10:15:05.171Z,2024-06-17T10:15:05.171Z,Good (0x00000000)
2024-06-17T10:16:04.161Z,53.369998931884766,2024-06-17T10:16:04.179Z,2024-06-17T10:16:04.178Z,Good (0x00000000)
2024-06-17T10:17:04.411Z,53.61000061035156,2024-06-17T10:17:04.426Z,2024-06-17T10:17:04.426Z,Good (0x00000000)
2024-06-17T10:18:04.996Z,53.79999923706055,2024-06-17T10:18:05.012Z,2024-06-17T10:18:05.012Z,Good (0x00000000)
2024-06-17T10:19:04.978Z,53.90999984741211,2024-06-17T10:19:04.992Z,2024-06-17T10:19:04.992Z,Good (0x00000000)
2024-06-17T10:20:04.783Z,54.029998779296875,2024-06-17T10:20:04.796Z,2024-06-17T10:20:04.796Z,Good (0x00000000)
2024-06-17T10:21:05.351Z,54.119998931884766,2024-06-17T10:21:05.366Z,2024-06-17T10:21:05.365Z,Good (0x00000000)
2024-06-17T10:22:04.926Z,54.22999954223633,2024-06-17T10:22:04.939Z,2024-06-17T10:22:04.939Z,Good (0x00000000)
2024-06-17T10:23:04.694Z,54.45000076293945,2024-06-17T10:23:04.708Z,2024-06-17T10:23:04.708Z,Good (0x00000000)
2024-06-17T10:24:04.902Z,54.77000045776367,2024-06-17T10:24:04.918Z,2024-06-17T10:24:04.918Z,Good (0x00000000)
2024-06-17T10:25:04.802Z,55.08000183105469,2024-06-17T10:25:04.815Z,2024-06-17T10:25:04.815Z,Good (0x00000000)
2024-06-17T10:26:04.926Z,55.310001373291016,2024-06-17T10:26:04.940Z,2024-06-17T10:26:04.940Z,Good (0x00000000)
2024-06-17T10:27:04.868Z,55.40999984741211,2024-06-17T10:27:04.881Z,2024-06-17T10:27:04.881Z,Good (0x00000000)
2024-06-17T10:28:05.251Z,55.52000045776367,2024-06-17T10:28:05.265Z,2024-06-17T10:28:05.265Z,Good (0x00000000)
2024-06-17T10:29:04.256Z,55.619998931884766,2024-06-17T10:29:04.268Z,2024-06-17T10:29:04.268Z,Good (0x00000000)
2024-06-17T10:30:05.412Z,55.66999816894531,2024-06-17T10:30:05.431Z,2024-06-17T10:30:05.431Z,Good (0x00000000)
2024-06-17T10:31:04.531Z,55.72999954223633,2024-06-17T10:31:04.544Z,2024-06-17T10:31:04.544Z,Good (0x00000000)
2024-06-17T10:32:04.312Z,55.72999954223633,2024-06-17T10:32:04.325Z,2024-06-17T10:32:04.325Z,Good (0x00000000)
2024-06-17T10:33:04.658Z,55.630001068115234,2024-06-17T10:33:04.671Z,2024-06-17T10:33:04.671Z,Good (0x00000000)
2024-06-17T10:34:04.671Z,55.630001068115234,2024-06-17T10:34:04.685Z,2024-06-17T10:34:04.685Z,Good (0x00000000)
2024-06-17T10:35:05.005Z,55.630001068115234,2024-06-17T10:35:05.018Z,2024-06-17T10:35:05.018Z,Good (0x00000000)
2024-06-17T10:36:04.941Z,55.630001068115234,2024-06-17T10:36:04.954Z,2024-06-17T10:36:04.954Z,Good (0x00000000)
2024-06-17T10:37:04.853Z,55.72999954223633,2024-06-17T10:37:04.866Z,2024-06-17T10:37:04.866Z,Good (0x00000000)
2024-06-17T10:38:04.345Z,55.779998779296875,2024-06-17T10:38:04.358Z,2024-06-17T10:38:04.358Z,Good (0x00000000)
2024-06-17T10:39:04.745Z,55.95000076293945,2024-06-17T10:39:04.758Z,2024-06-17T10:39:04.758Z,Good (0x00000000)
2024-06-17T10:40:05.358Z,56.369998931884766,2024-06-17T10:40:05.370Z,2024-06-17T10:40:05.370Z,Good (0x00000000)
2024-06-17T10:41:04.243Z,56.70000076293945,2024-06-17T10:41:04.256Z,2024-06-17T10:41:04.256Z,Good (0x00000000)
2024-06-17T10:42:04.613Z,56.70000076293945,2024-06-17T10:42:04.625Z,2024-06-17T10:42:04.625Z,Good (0x00000000)
2024-06-17T10:43:04.022Z,56.59000015258789,2024-06-17T10:43:04.035Z,2024-06-17T10:43:04.035Z,Good (0x00000000)
2024-06-17T10:44:04.460Z,56.47999954223633,2024-06-17T10:44:04.472Z,2024-06-17T10:44:04.472Z,Good (0x00000000)
2024-06-17T10:45:04.885Z,56.90999984741211,2024-06-17T10:45:04.899Z,2024-06-17T10:45:04.899Z,Good (0x00000000)
2024-06-17T10:46:04.479Z,57.34000015258789,2024-06-17T10:46:04.492Z,2024-06-17T10:46:04.492Z,Good (0x00000000)
2024-06-17T10:47:04.654Z,57.88999938964844,2024-06-17T10:47:04.667Z,2024-06-17T10:47:04.667Z,Good (0x00000000)
2024-06-17T10:48:04.553Z,58.52000045776367,2024-06-17T10:48:04.566Z,2024-06-17T10:48:04.566Z,Good (0x00000000)
2024-06-17T10:49:03.758Z,58.630001068115234,2024-06-17T10:49:03.771Z,2024-06-17T10:49:03.771Z,Good (0x00000000)
2024-06-17T10:50:04.907Z,58.52000045776367,2024-06-17T10:50:04.920Z,2024-06-17T10:50:04.920Z,Good (0x00000000)
2024-06-17T10:51:04.382Z,58.72999954223633,2024-06-17T10:51:04.397Z,2024-06-17T10:51:04.396Z,Good (0x00000000)
2024-06-17T10:52:04.970Z,58.75,2024-06-17T10:52:04.984Z,2024-06-17T10:52:04.984Z,Good (0x00000000)
2024-06-17T10:53:04.767Z,58.630001068115234,2024-06-17T10:53:04.781Z,2024-06-17T10:53:04.781Z,Good (0x00000000)
2024-06-17T10:54:04.299Z,59.0099983215332,2024-06-17T10:54:04.314Z,2024-06-17T10:54:04.314Z,Good (0x00000000)
2024-06-17T10:55:04.888Z,60.290000915527344,2024-06-17T10:55:04.902Z,2024-06-17T10:55:04.902Z,Good (0x00000000)
2024-06-17T10:56:04.366Z,61.66999816894531,2024-06-17T10:56:04.380Z,2024-06-17T10:56:04.380Z,Good (0x00000000)
2024-06-17T10:57:04.744Z,62.11000061035156,2024-06-17T10:57:04.757Z,2024-06-17T10:57:04.757Z,Good (0x00000000)
2024-06-17T10:58:04.970Z,61.560001373291016,2024-06-17T10:58:04.985Z,2024-06-17T10:58:04.985Z,Good (0x00000000)
2024-06-17T10:59:03.933Z,61.45000076293945,2024-06-17T10:59:03.947Z,2024-06-17T10:59:03.947Z,Good (0x00000000)
2024-06-17T11:00:07.265Z,61.58000183105469,2024-06-17T11:00:07.280Z,2024-06-17T11:00:07.279Z,Good (0x00000000)
2024-06-17T11:01:04.516Z,61.130001068115234,2024-06-17T11:01:04.531Z,2024-06-17T11:01:04.530Z,Good (0x00000000)
2024-06-17T11:02:05.055Z,60.36000061035156,2024-06-17T11:02:05.069Z,2024-06-17T11:02:05.069Z,Good (0x00000000)
2024-06-17T11:03:04.533Z,59.91999816894531,2024-06-17T11:03:04.548Z,2024-06-17T11:03:04.548Z,Good (0x00000000)
2024-06-17T11:04:04.999Z,59.810001373291016,2024-06-17T11:04:05.013Z,2024-06-17T11:04:05.013Z,Good (0x00000000)
2024-06-17T11:05:04.317Z,59.720001220703125,2024-06-17T11:05:04.332Z,2024-06-17T11:05:04.331Z,Good (0x00000000)
2024-06-17T11:06:05.340Z,60.04999923706055,2024-06-17T11:06:05.353Z,2024-06-17T11:06:05.353Z,Good (0x00000000)
2024-06-17T11:07:04.361Z,60.13999938964844,2024-06-17T11:07:04.375Z,2024-06-17T11:07:04.375Z,Good (0x00000000)
2024-06-17T11:08:04.478Z,60.04999923706055,2024-06-17T11:08:04.493Z,2024-06-17T11:08:04.493Z,Good (0x00000000)
2024-06-17T11:09:04.479Z,60.25,2024-06-17T11:09:04.494Z,2024-06-17T11:09:04.494Z,Good (0x00000000)
2024-06-17T11:10:04.696Z,60.470001220703125,2024-06-17T11:10:04.711Z,2024-06-17T11:10:04.711Z,Good (0x00000000)
2024-06-17T11:11:05.080Z,61.41999816894531,2024-06-17T11:11:05.096Z,2024-06-17T11:11:05.096Z,Good (0x00000000)
2024-06-17T11:12:04.857Z,62.540000915527344,2024-06-17T11:12:04.872Z,2024-06-17T11:12:04.872Z,Good (0x00000000)
2024-06-17T11:13:04.540Z,63.33000183105469,2024-06-17T11:13:04.554Z,2024-06-17T11:13:04.554Z,Good (0x00000000)
2024-06-17T11:14:04.725Z,63.869998931884766,2024-06-17T11:14:04.740Z,2024-06-17T11:14:04.740Z,Good (0x00000000)
2024-06-17T11:15:05.004Z,64.30999755859375,2024-06-17T11:15:05.019Z,2024-06-17T11:15:05.019Z,Good (0x00000000)
2024-06-17T11:16:04.369Z,64.7699966430664,2024-06-17T11:16:04.384Z,2024-06-17T11:16:04.384Z,Good (0x00000000)
2024-06-17T11:17:04.625Z,64.87000274658203,2024-06-17T11:17:04.640Z,2024-06-17T11:17:04.640Z,Good (0x00000000)
2024-06-17T11:18:04.611Z,65.08999633789062,2024-06-17T11:18:04.627Z,2024-06-17T11:18:04.627Z,Good (0x00000000)
2024-06-17T11:19:04.646Z,65.55000305175781,2024-06-17T11:19:04.661Z,2024-06-17T11:19:04.661Z,Good (0x00000000)
2024-06-17T11:20:05.194Z,65.08999633789062,2024-06-17T11:20:05.210Z,2024-06-17T11:20:05.209Z,Good (0x00000000)
2024-06-17T11:21:04.684Z,63.83000183105469,2024-06-17T11:21:04.705Z,2024-06-17T11:21:04.705Z,Good (0x00000000)
2024-06-17T11:22:04.758Z,62.97999954223633,2024-06-17T11:22:04.772Z,2024-06-17T11:22:04.772Z,Good (0x00000000)
2024-06-17T11:23:04.769Z,62.59000015258789,2024-06-17T11:23:04.782Z,2024-06-17T11:23:04.782Z,Good (0x00000000)
2024-06-17T11:24:04.611Z,62.220001220703125,2024-06-17T11:24:04.625Z,2024-06-17T11:24:04.625Z,Good (0x00000000)
2024-06-17T11:25:04.998Z,62,2024-06-17T11:25:05.014Z,2024-06-17T11:25:05.014Z,Good (0x00000000)
2024-06-17T11:26:04.634Z,61.779998779296875,2024-06-17T11:26:04.648Z,2024-06-17T11:26:04.648Z,Good (0x00000000)
2024-06-17T11:27:05.275Z,61.560001373291016,2024-06-17T11:27:05.288Z,2024-06-17T11:27:05.288Z,Good (0x00000000)
2024-06-17T11:28:04.461Z,61.34000015258789,2024-06-17T11:28:04.477Z,2024-06-17T11:28:04.476Z,Good (0x00000000)
2024-06-17T11:29:04.734Z,61.34000015258789,2024-06-17T11:29:04.747Z,2024-06-17T11:29:04.747Z,Good (0x00000000)
2024-06-17T11:30:05.304Z,61.22999954223633,2024-06-17T11:30:05.319Z,2024-06-17T11:30:05.319Z,Good (0x00000000)
2024-06-17T11:31:04.590Z,61.34000015258789,2024-06-17T11:31:04.604Z,2024-06-17T11:31:04.604Z,Good (0x00000000)
2024-06-17T11:32:04.729Z,61.22999954223633,2024-06-17T11:32:04.748Z,2024-06-17T11:32:04.748Z,Good (0x00000000)
2024-06-17T11:33:04.381Z,60.470001220703125,2024-06-17T11:33:04.395Z,2024-06-17T11:33:04.395Z,Good (0x00000000)
2024-06-17T11:34:04.780Z,60.88999938964844,2024-06-17T11:34:04.797Z,2024-06-17T11:34:04.797Z,Good (0x00000000)
2024-06-17T11:35:04.584Z,61.81999969482422,2024-06-17T11:35:04.597Z,2024-06-17T11:35:04.597Z,Good (0x00000000)
2024-06-17T11:36:05.020Z,62.439998626708984,2024-06-17T11:36:05.033Z,2024-06-17T11:36:05.033Z,Good (0x00000000)
2024-06-17T11:37:04.290Z,62.54999923706055,2024-06-17T11:37:04.303Z,2024-06-17T11:37:04.303Z,Good (0x00000000)
2024-06-17T11:38:04.218Z,62.220001220703125,2024-06-17T11:38:04.231Z,2024-06-17T11:38:04.231Z,Good (0x00000000)
2024-06-17T11:39:05.573Z,62.11000061035156,2024-06-17T11:39:05.586Z,2024-06-17T11:39:05.586Z,Good (0x00000000)
2024-06-17T11:40:04.645Z,62,2024-06-17T11:40:04.658Z,2024-06-17T11:40:04.658Z,Good (0x00000000)
2024-06-17T11:41:04.677Z,61.779998779296875,2024-06-17T11:41:04.689Z,2024-06-17T11:41:04.689Z,Good (0x00000000)
2024-06-17T11:42:05.087Z,61.63999938964844,2024-06-17T11:42:05.100Z,2024-06-17T11:42:05.100Z,Good (0x00000000)
2024-06-17T11:43:04.324Z,61.45000076293945,2024-06-17T11:43:04.336Z,2024-06-17T11:43:04.336Z,Good (0x00000000)
2024-06-17T11:44:04.062Z,61.22999954223633,2024-06-17T11:44:04.076Z,2024-06-17T11:44:04.076Z,Good (0x00000000)
2024-06-17T11:45:04.802Z,61.02000045776367,2024-06-17T11:45:04.815Z,2024-06-17T11:45:04.815Z,Good (0x00000000)
2024-06-17T11:46:05.410Z,60.79999923706055,2024-06-17T11:46:05.423Z,2024-06-17T11:46:05.423Z,Good (0x00000000)
2024-06-17T11:47:05.105Z,60.470001220703125,2024-06-17T11:47:05.131Z,2024-06-17T11:47:05.131Z,Good (0x00000000)
2024-06-17T11:48:04.078Z,60.470001220703125,2024-06-17T11:48:04.090Z,2024-06-17T11:48:04.090Z,Good (0x00000000)
2024-06-17T11:49:05.001Z,61.02000045776367,2024-06-17T11:49:05.014Z,2024-06-17T11:49:05.014Z,Good (0x00000000)
2024-06-17T11:50:05.206Z,62,2024-06-17T11:50:05.218Z,2024-06-17T11:50:05.218Z,Good (0x00000000)
2024-06-17T11:51:04.779Z,62.54999923706055,2024-06-17T11:51:04.792Z,2024-06-17T11:51:04.792Z,Good (0x00000000)
2024-06-17T11:52:04.880Z,62.58000183105469,2024-06-17T11:52:04.895Z,2024-06-17T11:52:04.894Z,Good (0x00000000)
2024-06-17T11:53:04.622Z,62.869998931884766,2024-06-17T11:53:04.635Z,2024-06-17T11:53:04.635Z,Good (0x00000000)
2024-06-17T11:54:05.373Z,63.33000183105469,2024-06-17T11:54:05.387Z,2024-06-17T11:54:05.387Z,Good (0x00000000)
2024-06-17T11:55:04.817Z,63.439998626708984,2024-06-17T11:55:04.831Z,2024-06-17T11:55:04.831Z,Good (0x00000000)
2024-06-17T11:56:05.237Z,64,2024-06-17T11:56:05.250Z,2024-06-17T11:56:05.250Z,Good (0x00000000)
2024-06-17T11:57:04.681Z,65.31999969482422,2024-06-17T11:57:04.693Z,2024-06-17T11:57:04.693Z,Good (0x00000000)
2024-06-17T11:58:04.981Z,66.2300033569336,2024-06-17T11:58:04.995Z,2024-06-17T11:58:04.995Z,Good (0x00000000)
2024-06-17T11:59:04.658Z,65.77999877929688,2024-06-17T11:59:04.673Z,2024-06-17T11:59:04.672Z,Good (0x00000000)
2024-06-17T12:00:08.996Z,64.55999755859375,2024-06-17T12:00:09.010Z,2024-06-17T12:00:09.010Z,Good (0x00000000)
2024-06-17T12:01:05.596Z,63.880001068115234,2024-06-17T12:01:05.610Z,2024-06-17T12:01:05.610Z,Good (0x00000000)
2024-06-17T12:02:04.621Z,63.54999923706055,2024-06-17T12:02:04.634Z,2024-06-17T12:02:04.634Z,Good (0x00000000)
2024-06-17T12:03:04.994Z,63.33000183105469,2024-06-17T12:03:05.009Z,2024-06-17T12:03:05.009Z,Good (0x00000000)
2024-06-17T12:04:04.267Z,63.11000061035156,2024-06-17T12:04:04.281Z,2024-06-17T12:04:04.281Z,Good (0x00000000)
2024-06-17T12:05:05.008Z,62.97999954223633,2024-06-17T12:05:05.028Z,2024-06-17T12:05:05.028Z,Good (0x00000000)
2024-06-17T12:06:05.400Z,62.97999954223633,2024-06-17T12:06:05.415Z,2024-06-17T12:06:05.415Z,Good (0x00000000)
2024-06-17T12:07:05.188Z,62.97999954223633,2024-06-17T12:07:05.203Z,2024-06-17T12:07:05.203Z,Good (0x00000000)
2024-06-17T12:08:04.576Z,63.11000061035156,2024-06-17T12:08:04.589Z,2024-06-17T12:08:04.589Z,Good (0x00000000)
2024-06-17T12:09:04.301Z,63.439998626708984,2024-06-17T12:09:04.314Z,2024-06-17T12:09:04.314Z,Good (0x00000000)
2024-06-17T12:10:05.233Z,63.91999816894531,2024-06-17T12:10:05.248Z,2024-06-17T12:10:05.248Z,Good (0x00000000)
2024-06-17T12:11:05.101Z,64.55000305175781,2024-06-17T12:11:05.117Z,2024-06-17T12:11:05.117Z,Good (0x00000000)
2024-06-17T12:12:04.772Z,65.41000366210938,2024-06-17T12:12:04.796Z,2024-06-17T12:12:04.796Z,Good (0x00000000)
2024-06-17T12:13:04.763Z,66.2300033569336,2024-06-17T12:13:04.777Z,2024-06-17T12:13:04.777Z,Good (0x00000000)
2024-06-17T12:14:04.525Z,66.33999633789062,2024-06-17T12:14:04.541Z,2024-06-17T12:14:04.541Z,Good (0x00000000)
2024-06-17T12:15:05.048Z,66.2300033569336,2024-06-17T12:15:05.062Z,2024-06-17T12:15:05.062Z,Good (0x00000000)
2024-06-17T12:16:04.322Z,66,2024-06-17T12:16:04.336Z,2024-06-17T12:16:04.336Z,Good (0x00000000)
2024-06-17T12:17:04.673Z,65.88999938964844,2024-06-17T12:17:04.688Z,2024-06-17T12:17:04.688Z,Good (0x00000000)
2024-06-17T12:18:05.255Z,66,2024-06-17T12:18:05.280Z,2024-06-17T12:18:05.280Z,Good (0x00000000)
2024-06-17T12:19:04.431Z,66.2300033569336,2024-06-17T12:19:04.445Z,2024-06-17T12:19:04.445Z,Good (0x00000000)
2024-06-17T12:20:04.861Z,66.3499984741211,2024-06-17T12:20:04.875Z,2024-06-17T12:20:04.875Z,Good (0x00000000)
2024-06-17T12:21:04.856Z,66.23999786376953,2024-06-17T12:21:04.871Z,2024-06-17T12:21:04.871Z,Good (0x00000000)
2024-06-17T12:22:04.743Z,66.0199966430664,2024-06-17T12:22:04.758Z,2024-06-17T12:22:04.758Z,Good (0x00000000)
2024-06-17T12:23:04.591Z,66,2024-06-17T12:23:04.606Z,2024-06-17T12:23:04.606Z,Good (0x00000000)
2024-06-17T12:24:04.489Z,65.88999938964844,2024-06-17T12:24:04.503Z,2024-06-17T12:24:04.503Z,Good (0x00000000)
2024-06-17T12:25:04.886Z,65.88999938964844,2024-06-17T12:25:04.901Z,2024-06-17T12:25:04.901Z,Good (0x00000000)
2024-06-17T12:26:04.813Z,66,2024-06-17T12:26:04.827Z,2024-06-17T12:26:04.827Z,Good (0x00000000)
2024-06-17T12:27:05.245Z,66.80000305175781,2024-06-17T12:27:05.261Z,2024-06-17T12:27:05.261Z,Good (0x00000000)
2024-06-17T12:28:05.442Z,67.91999816894531,2024-06-17T12:28:05.462Z,2024-06-17T12:28:05.462Z,Good (0x00000000)
2024-06-17T12:29:04.276Z,68.62000274658203,2024-06-17T12:29:04.294Z,2024-06-17T12:29:04.294Z,Good (0x00000000)
2024-06-17T12:30:05.646Z,69.19999694824219,2024-06-17T12:30:05.660Z,2024-06-17T12:30:05.660Z,Good (0x00000000)
2024-06-17T12:31:04.840Z,69.44000244140625,2024-06-17T12:31:04.858Z,2024-06-17T12:31:04.858Z,Good (0x00000000)
2024-06-17T12:32:05.029Z,69.44000244140625,2024-06-17T12:32:05.044Z,2024-06-17T12:32:05.044Z,Good (0x00000000)
2024-06-17T12:33:04.846Z,68.52999877929688,2024-06-17T12:33:04.860Z,2024-06-17T12:33:04.860Z,Good (0x00000000)
2024-06-17T12:34:04.117Z,67.11000061035156,2024-06-17T12:34:04.130Z,2024-06-17T12:34:04.130Z,Good (0x00000000)
2024-06-17T12:35:04.901Z,66.11000061035156,2024-06-17T12:35:04.917Z,2024-06-17T12:35:04.916Z,Good (0x00000000)
2024-06-17T12:36:04.619Z,65.80000305175781,2024-06-17T12:36:04.634Z,2024-06-17T12:36:04.634Z,Good (0x00000000)
2024-06-17T12:37:04.809Z,65.66000366210938,2024-06-17T12:37:04.822Z,2024-06-17T12:37:04.822Z,Good (0x00000000)
2024-06-17T12:38:04.088Z,65.55000305175781,2024-06-17T12:38:04.102Z,2024-06-17T12:38:04.102Z,Good (0x00000000)
2024-06-17T12:39:05.237Z,65.44000244140625,2024-06-17T12:39:05.251Z,2024-06-17T12:39:05.251Z,Good (0x00000000)
2024-06-17T12:40:05.224Z,65.19999694824219,2024-06-17T12:40:05.239Z,2024-06-17T12:40:05.239Z,Good (0x00000000)
2024-06-17T12:41:05.067Z,64.9800033569336,2024-06-17T12:41:05.082Z,2024-06-17T12:41:05.082Z,Good (0x00000000)
2024-06-17T12:42:04.780Z,64.7699966430664,2024-06-17T12:42:04.792Z,2024-06-17T12:42:04.792Z,Good (0x00000000)
2024-06-17T12:43:04.702Z,64.87000274658203,2024-06-17T12:43:04.716Z,2024-06-17T12:43:04.716Z,Good (0x00000000)
2024-06-17T12:44:04.295Z,65.37000274658203,2024-06-17T12:44:04.308Z,2024-06-17T12:44:04.308Z,Good (0x00000000)
2024-06-17T12:45:04.687Z,67.63999938964844,2024-06-17T12:45:04.702Z,2024-06-17T12:45:04.702Z,Good (0x00000000)
2024-06-17T12:46:04.178Z,69.4000015258789,2024-06-17T12:46:04.192Z,2024-06-17T12:46:04.192Z,Good (0x00000000)
2024-06-17T12:47:04.834Z,69.68000030517578,2024-06-17T12:47:04.847Z,2024-06-17T12:47:04.847Z,Good (0x00000000)
2024-06-17T12:48:04.518Z,70.12000274658203,2024-06-17T12:48:04.530Z,2024-06-17T12:48:04.530Z,Good (0x00000000)
2024-06-17T12:49:04.169Z,70.58999633789062,2024-06-17T12:49:04.182Z,2024-06-17T12:49:04.182Z,Good (0x00000000)
2024-06-17T12:50:04.715Z,70.72000122070312,2024-06-17T12:50:04.729Z,2024-06-17T12:50:04.728Z,Good (0x00000000)
2024-06-17T12:51:04.642Z,70.72000122070312,2024-06-17T12:51:04.658Z,2024-06-17T12:51:04.658Z,Good (0x00000000)
2024-06-17T12:52:05.663Z,70.72000122070312,2024-06-17T12:52:05.676Z,2024-06-17T12:52:05.676Z,Good (0x00000000)
2024-06-17T12:53:04.816Z,70.72000122070312,2024-06-17T12:53:04.829Z,2024-06-17T12:53:04.829Z,Good (0x00000000)
2024-06-17T12:54:04.628Z,70.58999633789062,2024-06-17T12:54:04.641Z,2024-06-17T12:54:04.641Z,Good (0x00000000)
2024-06-17T12:55:04.458Z,70.37999725341797,2024-06-17T12:55:04.470Z,2024-06-17T12:55:04.470Z,Good (0x00000000)
2024-06-17T12:56:04.804Z,70.25,2024-06-17T12:56:04.818Z,2024-06-17T12:56:04.818Z,Good (0x00000000)
2024-06-17T12:57:04.758Z,69.31999969482422,2024-06-17T12:57:04.770Z,2024-06-17T12:57:04.770Z,Good (0x00000000)
2024-06-17T12:58:04.949Z,68.5199966430664,2024-06-17T12:58:04.963Z,2024-06-17T12:58:04.963Z,Good (0x00000000)
2024-06-17T12:59:04.844Z,69.0199966430664,2024-06-17T12:59:04.857Z,2024-06-17T12:59:04.857Z,Good (0x00000000)
2024-06-17T13:00:07.676Z,69.91000366210938,2024-06-17T13:00:07.689Z,2024-06-17T13:00:07.689Z,Good (0x00000000)
2024-06-17T13:01:04.808Z,70.25,2024-06-17T13:01:04.827Z,2024-06-17T13:01:04.827Z,Good (0x00000000)
2024-06-17T13:02:04.576Z,70.37000274658203,2024-06-17T13:02:04.589Z,2024-06-17T13:02:04.589Z,Good (0x00000000)
2024-06-17T13:03:04.811Z,70.4800033569336,2024-06-17T13:03:04.824Z,2024-06-17T13:03:04.824Z,Good (0x00000000)
2024-06-17T13:04:04.324Z,70.4800033569336,2024-06-17T13:04:04.338Z,2024-06-17T13:04:04.338Z,Good (0x00000000)
2024-06-17T13:05:04.731Z,70.5,2024-06-17T13:05:04.743Z,2024-06-17T13:05:04.743Z,Good (0x00000000)
2024-06-17T13:06:05.783Z,70.58999633789062,2024-06-17T13:06:05.797Z,2024-06-17T13:06:05.796Z,Good (0x00000000)
2024-06-17T13:07:04.470Z,70.0199966430664,2024-06-17T13:07:04.483Z,2024-06-17T13:07:04.483Z,Good (0x00000000)
2024-06-17T13:08:04.572Z,68.88999938964844,2024-06-17T13:08:04.585Z,2024-06-17T13:08:04.585Z,Good (0x00000000)
2024-06-17T13:09:04.705Z,68.66999816894531,2024-06-17T13:09:04.718Z,2024-06-17T13:09:04.718Z,Good (0x00000000)
2024-06-17T13:10:04.772Z,69.55000305175781,2024-06-17T13:10:04.791Z,2024-06-17T13:10:04.791Z,Good (0x00000000)
2024-06-17T13:11:04.579Z,70.33999633789062,2024-06-17T13:11:04.594Z,2024-06-17T13:11:04.593Z,Good (0x00000000)
2024-06-17T13:12:05.101Z,70.72000122070312,2024-06-17T13:12:05.114Z,2024-06-17T13:12:05.114Z,Good (0x00000000)
2024-06-17T13:13:04.980Z,70.94000244140625,2024-06-17T13:13:04.992Z,2024-06-17T13:13:04.992Z,Good (0x00000000)
2024-06-17T13:14:04.947Z,70.86000061035156,2024-06-17T13:14:04.960Z,2024-06-17T13:14:04.960Z,Good (0x00000000)
2024-06-17T13:15:04.988Z,70.97000122070312,2024-06-17T13:15:05.002Z,2024-06-17T13:15:05.002Z,Good (0x00000000)
2024-06-17T13:16:04.412Z,71.2300033569336,2024-06-17T13:16:04.426Z,2024-06-17T13:16:04.426Z,Good (0x00000000)
2024-06-17T13:17:05.129Z,71.55000305175781,2024-06-17T13:17:05.145Z,2024-06-17T13:17:05.145Z,Good (0x00000000)
2024-06-17T13:18:04.339Z,71.55000305175781,2024-06-17T13:18:04.352Z,2024-06-17T13:18:04.352Z,Good (0x00000000)
2024-06-17T13:19:04.295Z,70.86000061035156,2024-06-17T13:19:04.316Z,2024-06-17T13:19:04.316Z,Good (0x00000000)
2024-06-17T13:20:05.116Z,70.37999725341797,2024-06-17T13:20:05.134Z,2024-06-17T13:20:05.134Z,Good (0x00000000)
2024-06-17T13:21:04.534Z,70.97000122070312,2024-06-17T13:21:04.546Z,2024-06-17T13:21:04.546Z,Good (0x00000000)
2024-06-17T13:22:04.283Z,71.80999755859375,2024-06-17T13:22:04.295Z,2024-06-17T13:22:04.295Z,Good (0x00000000)
2024-06-17T13:23:04.800Z,72.27999877929688,2024-06-17T13:23:04.814Z,2024-06-17T13:23:04.814Z,Good (0x00000000)
2024-06-17T13:24:04.945Z,72.16000366210938,2024-06-17T13:24:04.958Z,2024-06-17T13:24:04.958Z,Good (0x00000000)
2024-06-17T13:25:04.463Z,71.91999816894531,2024-06-17T13:25:04.475Z,2024-06-17T13:25:04.475Z,Good (0x00000000)
2024-06-17T13:26:05.099Z,71.80999755859375,2024-06-17T13:26:05.113Z,2024-06-17T13:26:05.112Z,Good (0x00000000)
2024-06-17T13:27:04.759Z,71.91999816894531,2024-06-17T13:27:04.774Z,2024-06-17T13:27:04.774Z,Good (0x00000000)
2024-06-17T13:28:05.131Z,72.16000366210938,2024-06-17T13:28:05.143Z,2024-06-17T13:28:05.143Z,Good (0x00000000)
2024-06-17T13:29:04.523Z,72.27999877929688,2024-06-17T13:29:04.537Z,2024-06-17T13:29:04.537Z,Good (0x00000000)
2024-06-17T13:30:05.518Z,72.27999877929688,2024-06-17T13:30:05.531Z,2024-06-17T13:30:05.531Z,Good (0x00000000)
2024-06-17T13:31:04.474Z,72.27999877929688,2024-06-17T13:31:04.486Z,2024-06-17T13:31:04.486Z,Good (0x00000000)
2024-06-17T13:32:04.277Z,72.38999938964844,2024-06-17T13:32:04.290Z,2024-06-17T13:32:04.290Z,Good (0x00000000)
2024-06-17T13:33:04.163Z,72.33000183105469,2024-06-17T13:33:04.177Z,2024-06-17T13:33:04.177Z,Good (0x00000000)
2024-06-17T13:34:04.383Z,72.27999877929688,2024-06-17T13:34:04.395Z,2024-06-17T13:34:04.395Z,Good (0x00000000)
2024-06-17T13:35:05.154Z,72.27999877929688,2024-06-17T13:35:05.175Z,2024-06-17T13:35:05.175Z,Good (0x00000000)
2024-06-17T13:36:05.028Z,72.38999938964844,2024-06-17T13:36:05.040Z,2024-06-17T13:36:05.040Z,Good (0x00000000)
2024-06-17T13:37:04.970Z,72.38999938964844,2024-06-17T13:37:04.984Z,2024-06-17T13:37:04.984Z,Good (0x00000000)
2024-06-17T13:38:04.952Z,72.38999938964844,2024-06-17T13:38:04.980Z,2024-06-17T13:38:04.980Z,Good (0x00000000)
2024-06-17T13:39:05.375Z,72.5,2024-06-17T13:39:05.388Z,2024-06-17T13:39:05.388Z,Good (0x00000000)
2024-06-17T13:40:05.130Z,72.16000366210938,2024-06-17T13:40:05.145Z,2024-06-17T13:40:05.145Z,Good (0x00000000)
2024-06-17T13:41:05.228Z,71.55000305175781,2024-06-17T13:41:05.241Z,2024-06-17T13:41:05.241Z,Good (0x00000000)
2024-06-17T13:42:04.773Z,71.55000305175781,2024-06-17T13:42:04.795Z,2024-06-17T13:42:04.795Z,Good (0x00000000)
2024-06-17T13:43:04.853Z,71.66999816894531,2024-06-17T13:43:04.866Z,2024-06-17T13:43:04.866Z,Good (0x00000000)
2024-06-17T13:44:04.779Z,71.91999816894531,2024-06-17T13:44:04.791Z,2024-06-17T13:44:04.791Z,Good (0x00000000)
2024-06-17T13:45:04.679Z,72.16000366210938,2024-06-17T13:45:04.696Z,2024-06-17T13:45:04.696Z,Good (0x00000000)
2024-06-17T13:46:04.608Z,72.4000015258789,2024-06-17T13:46:04.622Z,2024-06-17T13:46:04.622Z,Good (0x00000000)
2024-06-17T13:47:04.719Z,72.5,2024-06-17T13:47:04.733Z,2024-06-17T13:47:04.733Z,Good (0x00000000)
2024-06-17T13:48:04.997Z,72.62000274658203,2024-06-17T13:48:05.012Z,2024-06-17T13:48:05.012Z,Good (0x00000000)
2024-06-17T13:49:04.307Z,72.5,2024-06-17T13:49:04.320Z,2024-06-17T13:49:04.319Z,Good (0x00000000)
2024-06-17T13:50:04.842Z,71.7699966430664,2024-06-17T13:50:04.859Z,2024-06-17T13:50:04.858Z,Good (0x00000000)
2024-06-17T13:51:04.718Z,71.55000305175781,2024-06-17T13:51:04.730Z,2024-06-17T13:51:04.730Z,Good (0x00000000)
2024-06-17T13:52:05.407Z,72.13999938964844,2024-06-17T13:52:05.419Z,2024-06-17T13:52:05.419Z,Good (0x00000000)
2024-06-17T13:53:04.907Z,72.5,2024-06-17T13:53:04.921Z,2024-06-17T13:53:04.921Z,Good (0x00000000)
2024-06-17T13:54:04.903Z,72.7699966430664,2024-06-17T13:54:04.917Z,2024-06-17T13:54:04.917Z,Good (0x00000000)
2024-06-17T13:55:04.621Z,72.9800033569336,2024-06-17T13:55:04.636Z,2024-06-17T13:55:04.636Z,Good (0x00000000)
2024-06-17T13:56:04.910Z,73.11000061035156,2024-06-17T13:56:04.924Z,2024-06-17T13:56:04.924Z,Good (0x00000000)
2024-06-17T13:57:04.220Z,73.11000061035156,2024-06-17T13:57:04.240Z,2024-06-17T13:57:04.240Z,Good (0x00000000)
2024-06-17T13:58:04.730Z,72.62999725341797,2024-06-17T13:58:04.743Z,2024-06-17T13:58:04.743Z,Good (0x00000000)
2024-06-17T13:59:04.917Z,72.27999877929688,2024-06-17T13:59:04.931Z,2024-06-17T13:59:04.931Z,Good (0x00000000)
2024-06-17T14:00:06.753Z,72.02999877929688,2024-06-17T14:00:06.770Z,2024-06-17T14:00:06.770Z,Good (0x00000000)
2024-06-17T14:01:05.351Z,71.91999816894531,2024-06-17T14:01:05.369Z,2024-06-17T14:01:05.369Z,Good (0x00000000)
2024-06-17T14:02:05.018Z,71.19999694824219,2024-06-17T14:02:05.035Z,2024-06-17T14:02:05.035Z,Good (0x00000000)
2024-06-17T14:03:04.843Z,71.75,2024-06-17T14:03:04.858Z,2024-06-17T14:03:04.858Z,Good (0x00000000)
2024-06-17T14:04:04.999Z,71.80999755859375,2024-06-17T14:04:05.026Z,2024-06-17T14:04:05.026Z,Good (0x00000000)
2024-06-17T14:05:04.787Z,71.44000244140625,2024-06-17T14:05:04.800Z,2024-06-17T14:05:04.800Z,Good (0x00000000)
2024-06-17T14:06:05.602Z,71.19999694824219,2024-06-17T14:06:05.616Z,2024-06-17T14:06:05.616Z,Good (0x00000000)
2024-06-17T14:07:05.067Z,70.97000122070312,2024-06-17T14:07:05.080Z,2024-06-17T14:07:05.080Z,Good (0x00000000)
2024-06-17T14:08:04.463Z,70.66000366210938,2024-06-17T14:08:04.477Z,2024-06-17T14:08:04.477Z,Good (0x00000000)
2024-06-17T14:09:04.385Z,70.37999725341797,2024-06-17T14:09:04.399Z,2024-06-17T14:09:04.399Z,Good (0x00000000)
2024-06-17T14:10:04.859Z,70.0199966430664,2024-06-17T14:10:04.874Z,2024-06-17T14:10:04.873Z,Good (0x00000000)
2024-06-17T14:11:04.721Z,69.66000366210938,2024-06-17T14:11:04.734Z,2024-06-17T14:11:04.734Z,Good (0x00000000)
2024-06-17T14:12:05.140Z,69.30999755859375,2024-06-17T14:12:05.153Z,2024-06-17T14:12:05.153Z,Good (0x00000000)
2024-06-17T14:13:05.308Z,68.9800033569336,2024-06-17T14:13:05.321Z,2024-06-17T14:13:05.321Z,Good (0x00000000)
2024-06-17T14:14:05.159Z,68.62999725341797,2024-06-17T14:14:05.172Z,2024-06-17T14:14:05.172Z,Good (0x00000000)
2024-06-17T14:15:05.100Z,68.2699966430664,2024-06-17T14:15:05.116Z,2024-06-17T14:15:05.116Z,Good (0x00000000)
2024-06-17T14:16:04.616Z,67.80999755859375,2024-06-17T14:16:04.630Z,2024-06-17T14:16:04.630Z,Good (0x00000000)
2024-06-17T14:17:04.230Z,67.47000122070312,2024-06-17T14:17:04.270Z,2024-06-17T14:17:04.270Z,Good (0x00000000)
2024-06-17T14:18:04.916Z,67.0999984741211,2024-06-17T14:18:04.930Z,2024-06-17T14:18:04.930Z,Good (0x00000000)
2024-06-17T14:19:04.473Z,66.69000244140625,2024-06-17T14:19:04.488Z,2024-06-17T14:19:04.488Z,Good (0x00000000)
2024-06-17T14:20:04.670Z,66.23999786376953,2024-06-17T14:20:04.683Z,2024-06-17T14:20:04.683Z,Good (0x00000000)
2024-06-17T14:21:05.144Z,65.80000305175781,2024-06-17T14:21:05.158Z,2024-06-17T14:21:05.158Z,Good (0x00000000)
2024-06-17T14:22:04.997Z,65.41000366210938,2024-06-17T14:22:05.009Z,2024-06-17T14:22:05.009Z,Good (0x00000000)
2024-06-17T14:23:04.267Z,64.91999816894531,2024-06-17T14:23:04.284Z,2024-06-17T14:23:04.284Z,Good (0x00000000)
2024-06-17T14:24:04.788Z,64.44000244140625,2024-06-17T14:24:04.802Z,2024-06-17T14:24:04.802Z,Good (0x00000000)
2024-06-17T14:25:04.763Z,63.97999954223633,2024-06-17T14:25:04.776Z,2024-06-17T14:25:04.776Z,Good (0x00000000)
2024-06-17T14:26:05.117Z,63.54999923706055,2024-06-17T14:26:05.134Z,2024-06-17T14:26:05.134Z,Good (0x00000000)
2024-06-17T14:27:04.262Z,63.11000061035156,2024-06-17T14:27:04.276Z,2024-06-17T14:27:04.276Z,Good (0x00000000)
2024-06-17T14:28:04.842Z,62.65999984741211,2024-06-17T14:28:04.855Z,2024-06-17T14:28:04.855Z,Good (0x00000000)
2024-06-17T14:29:04.628Z,62.33000183105469,2024-06-17T14:29:04.640Z,2024-06-17T14:29:04.640Z,Good (0x00000000)
2024-06-17T14:30:04.841Z,62,2024-06-17T14:30:04.854Z,2024-06-17T14:30:04.854Z,Good (0x00000000)
2024-06-17T14:31:04.976Z,61.66999816894531,2024-06-17T14:31:04.989Z,2024-06-17T14:31:04.989Z,Good (0x00000000)
2024-06-17T14:32:04.589Z,61.34000015258789,2024-06-17T14:32:04.602Z,2024-06-17T14:32:04.602Z,Good (0x00000000)
2024-06-17T14:33:04.517Z,61.099998474121094,2024-06-17T14:33:04.529Z,2024-06-17T14:33:04.529Z,Good (0x00000000)
2024-06-17T14:34:04.658Z,60.79999923706055,2024-06-17T14:34:04.671Z,2024-06-17T14:34:04.671Z,Good (0x00000000)
2024-06-17T14:35:04.876Z,60.58000183105469,2024-06-17T14:35:04.890Z,2024-06-17T14:35:04.890Z,Good (0x00000000)
2024-06-17T14:36:05.259Z,60.36000061035156,2024-06-17T14:36:05.273Z,2024-06-17T14:36:05.273Z,Good (0x00000000)
2024-06-17T14:37:04.928Z,60.25,2024-06-17T14:37:04.941Z,2024-06-17T14:37:04.941Z,Good (0x00000000)
2024-06-17T14:38:04.597Z,60.04999923706055,2024-06-17T14:38:04.609Z,2024-06-17T14:38:04.609Z,Good (0x00000000)
2024-06-17T14:39:05.089Z,59.91999816894531,2024-06-17T14:39:05.118Z,2024-06-17T14:39:05.118Z,Good (0x00000000)
2024-06-17T14:40:05.012Z,59.810001373291016,2024-06-17T14:40:05.024Z,2024-06-17T14:40:05.024Z,Good (0x00000000)
2024-06-17T14:41:04.869Z,59.72999954223633,2024-06-17T14:41:04.883Z,2024-06-17T14:41:04.883Z,Good (0x00000000)
2024-06-17T14:42:05.112Z,59.720001220703125,2024-06-17T14:42:05.126Z,2024-06-17T14:42:05.126Z,Good (0x00000000)
2024-06-17T14:43:04.610Z,59.61000061035156,2024-06-17T14:43:04.623Z,2024-06-17T14:43:04.623Z,Good (0x00000000)
2024-06-17T14:44:04.536Z,59.61000061035156,2024-06-17T14:44:04.550Z,2024-06-17T14:44:04.550Z,Good (0x00000000)
2024-06-17T14:45:05.097Z,59.5,2024-06-17T14:45:05.109Z,2024-06-17T14:45:05.109Z,Good (0x00000000)
2024-06-17T14:46:04.341Z,59.5,2024-06-17T14:46:04.355Z,2024-06-17T14:46:04.354Z,Good (0x00000000)
2024-06-17T14:47:04.247Z,59.5,2024-06-17T14:47:04.260Z,2024-06-17T14:47:04.260Z,Good (0x00000000)
2024-06-17T14:48:04.601Z,59.5,2024-06-17T14:48:04.614Z,2024-06-17T14:48:04.614Z,Good (0x00000000)
2024-06-17T14:49:04.968Z,59.5,2024-06-17T14:49:04.980Z,2024-06-17T14:49:04.980Z,Good (0x00000000)
2024-06-17T14:50:05.087Z,59.5,2024-06-17T14:50:05.102Z,2024-06-17T14:50:05.102Z,Good (0x00000000)
2024-06-17T14:51:04.426Z,59.40999984741211,2024-06-17T14:51:04.438Z,2024-06-17T14:51:04.438Z,Good (0x00000000)
2024-06-17T14:52:04.934Z,59.38999938964844,2024-06-17T14:52:04.946Z,2024-06-17T14:52:04.946Z,Good (0x00000000)
2024-06-17T14:53:04.916Z,59.38999938964844,2024-06-17T14:53:04.931Z,2024-06-17T14:53:04.930Z,Good (0x00000000)
2024-06-17T14:54:04.163Z,59.279998779296875,2024-06-17T14:54:04.182Z,2024-06-17T14:54:04.182Z,Good (0x00000000)
2024-06-17T14:55:04.932Z,59.279998779296875,2024-06-17T14:55:04.946Z,2024-06-17T14:55:04.946Z,Good (0x00000000)
2024-06-17T14:56:04.287Z,59.279998779296875,2024-06-17T14:56:04.301Z,2024-06-17T14:56:04.301Z,Good (0x00000000)
2024-06-17T14:57:04.585Z,59.16999816894531,2024-06-17T14:57:04.599Z,2024-06-17T14:57:04.599Z,Good (0x00000000)
2024-06-17T14:58:04.442Z,59.060001373291016,2024-06-17T14:58:04.457Z,2024-06-17T14:58:04.457Z,Good (0x00000000)
2024-06-17T14:59:04.671Z,58.95000076293945,2024-06-17T14:59:04.684Z,2024-06-17T14:59:04.684Z,Good (0x00000000)
2024-06-17T15:00:07.625Z,58.84000015258789,2024-06-17T15:00:07.637Z,2024-06-17T15:00:07.637Z,Good (0x00000000)
2024-06-17T15:01:05.046Z,58.630001068115234,2024-06-17T15:01:05.059Z,2024-06-17T15:01:05.059Z,Good (0x00000000)
2024-06-17T15:02:04.211Z,58.52000045776367,2024-06-17T15:02:04.223Z,2024-06-17T15:02:04.223Z,Good (0x00000000)
2024-06-17T15:03:04.440Z,58.310001373291016,2024-06-17T15:03:04.452Z,2024-06-17T15:03:04.452Z,Good (0x00000000)
2024-06-17T15:04:04.636Z,58.09000015258789,2024-06-17T15:04:04.649Z,2024-06-17T15:04:04.649Z,Good (0x00000000)
2024-06-17T15:05:04.215Z,57.88999938964844,2024-06-17T15:05:04.228Z,2024-06-17T15:05:04.228Z,Good (0x00000000)
2024-06-17T15:06:05.531Z,57.65999984741211,2024-06-17T15:06:05.545Z,2024-06-17T15:06:05.545Z,Good (0x00000000)
2024-06-17T15:07:04.239Z,57.369998931884766,2024-06-17T15:07:04.252Z,2024-06-17T15:07:04.252Z,Good (0x00000000)
2024-06-17T15:08:04.180Z,57.130001068115234,2024-06-17T15:08:04.194Z,2024-06-17T15:08:04.194Z,Good (0x00000000)
2024-06-17T15:09:05.125Z,56.90999984741211,2024-06-17T15:09:05.139Z,2024-06-17T15:09:05.139Z,Good (0x00000000)
2024-06-17T15:10:04.983Z,56.70000076293945,2024-06-17T15:10:04.995Z,2024-06-17T15:10:04.995Z,Good (0x00000000)
2024-06-17T15:11:04.514Z,56.47999954223633,2024-06-17T15:11:04.531Z,2024-06-17T15:11:04.531Z,Good (0x00000000)
2024-06-17T15:12:04.437Z,56.27000045776367,2024-06-17T15:12:04.452Z,2024-06-17T15:12:04.452Z,Good (0x00000000)
2024-06-17T15:13:04.816Z,56.16999816894531,2024-06-17T15:13:04.829Z,2024-06-17T15:13:04.829Z,Good (0x00000000)
2024-06-17T15:14:04.832Z,55.939998626708984,2024-06-17T15:14:04.844Z,2024-06-17T15:14:04.844Z,Good (0x00000000)
2024-06-17T15:15:05.169Z,55.84000015258789,2024-06-17T15:15:05.183Z,2024-06-17T15:15:05.183Z,Good (0x00000000)
2024-06-17T15:16:04.390Z,55.630001068115234,2024-06-17T15:16:04.404Z,2024-06-17T15:16:04.404Z,Good (0x00000000)
2024-06-17T15:17:05.058Z,55.52000045776367,2024-06-17T15:17:05.072Z,2024-06-17T15:17:05.072Z,Good (0x00000000)
2024-06-17T15:18:04.577Z,55.40999984741211,2024-06-17T15:18:04.594Z,2024-06-17T15:18:04.594Z,Good (0x00000000)
2024-06-17T15:19:04.815Z,55.310001373291016,2024-06-17T15:19:04.828Z,2024-06-17T15:19:04.828Z,Good (0x00000000)
2024-06-17T15:20:05.083Z,55.310001373291016,2024-06-17T15:20:05.099Z,2024-06-17T15:20:05.099Z,Good (0x00000000)
2024-06-17T15:21:03.867Z,55.189998626708984,2024-06-17T15:21:03.881Z,2024-06-17T15:21:03.881Z,Good (0x00000000)
2024-06-17T15:22:04.120Z,55.189998626708984,2024-06-17T15:22:04.134Z,2024-06-17T15:22:04.134Z,Good (0x00000000)
2024-06-17T15:23:04.284Z,55.08000183105469,2024-06-17T15:23:04.297Z,2024-06-17T15:23:04.297Z,Good (0x00000000)
2024-06-17T15:24:04.161Z,55.08000183105469,2024-06-17T15:24:04.174Z,2024-06-17T15:24:04.174Z,Good (0x00000000)
2024-06-17T15:25:04.180Z,54.97999954223633,2024-06-17T15:25:04.194Z,2024-06-17T15:25:04.194Z,Good (0x00000000)
2024-06-17T15:26:05.275Z,54.97999954223633,2024-06-17T15:26:05.290Z,2024-06-17T15:26:05.290Z,Good (0x00000000)
2024-06-17T15:27:04.951Z,54.97999954223633,2024-06-17T15:27:04.965Z,2024-06-17T15:27:04.965Z,Good (0x00000000)
2024-06-17T15:28:04.835Z,54.88999938964844,2024-06-17T15:28:04.850Z,2024-06-17T15:28:04.850Z,Good (0x00000000)
2024-06-17T15:29:04.176Z,54.88999938964844,2024-06-17T15:29:04.195Z,2024-06-17T15:29:04.195Z,Good (0x00000000)
2024-06-17T15:30:04.481Z,54.77000045776367,2024-06-17T15:30:04.496Z,2024-06-17T15:30:04.496Z,Good (0x00000000)
2024-06-17T15:31:04.481Z,54.77000045776367,2024-06-17T15:31:04.497Z,2024-06-17T15:31:04.496Z,Good (0x00000000)
2024-06-17T15:32:04.363Z,54.65999984741211,2024-06-17T15:32:04.377Z,2024-06-17T15:32:04.377Z,Good (0x00000000)
2024-06-17T15:33:04.440Z,54.65999984741211,2024-06-17T15:33:04.454Z,2024-06-17T15:33:04.454Z,Good (0x00000000)
2024-06-17T15:34:05.124Z,54.560001373291016,2024-06-17T15:34:05.138Z,2024-06-17T15:34:05.138Z,Good (0x00000000)
2024-06-17T15:35:04.911Z,54.45000076293945,2024-06-17T15:35:04.926Z,2024-06-17T15:35:04.925Z,Good (0x00000000)
2024-06-17T15:36:04.085Z,54.36000061035156,2024-06-17T15:36:04.100Z,2024-06-17T15:36:04.100Z,Good (0x00000000)
2024-06-17T15:37:04.519Z,54.22999954223633,2024-06-17T15:37:04.534Z,2024-06-17T15:37:04.534Z,Good (0x00000000)
2024-06-17T15:38:05.305Z,54.130001068115234,2024-06-17T15:38:05.320Z,2024-06-17T15:38:05.320Z,Good (0x00000000)
2024-06-17T15:39:05.287Z,54,2024-06-17T15:39:05.302Z,2024-06-17T15:39:05.302Z,Good (0x00000000)
2024-06-17T15:40:05.264Z,53.79999923706055,2024-06-17T15:40:05.280Z,2024-06-17T15:40:05.280Z,Good (0x00000000)
2024-06-17T15:41:04.492Z,53.70000076293945,2024-06-17T15:41:04.509Z,2024-06-17T15:41:04.509Z,Good (0x00000000)
2024-06-17T15:42:05.051Z,53.52000045776367,2024-06-17T15:42:05.066Z,2024-06-17T15:42:05.066Z,Good (0x00000000)
2024-06-17T15:43:04.366Z,53.380001068115234,2024-06-17T15:43:04.380Z,2024-06-17T15:43:04.380Z,Good (0x00000000)
2024-06-17T15:44:04.458Z,53.279998779296875,2024-06-17T15:44:04.473Z,2024-06-17T15:44:04.472Z,Good (0x00000000)
2024-06-17T15:45:04.294Z,53.060001373291016,2024-06-17T15:45:04.311Z,2024-06-17T15:45:04.311Z,Good (0x00000000)
2024-06-17T15:46:04.411Z,52.95000076293945,2024-06-17T15:46:04.427Z,2024-06-17T15:46:04.427Z,Good (0x00000000)
2024-06-17T15:47:04.434Z,52.84000015258789,2024-06-17T15:47:04.450Z,2024-06-17T15:47:04.450Z,Good (0x00000000)
2024-06-17T15:48:04.547Z,52.7400016784668,2024-06-17T15:48:04.561Z,2024-06-17T15:48:04.561Z,Good (0x00000000)
2024-06-17T15:49:04.753Z,52.52000045776367,2024-06-17T15:49:04.769Z,2024-06-17T15:49:04.769Z,Good (0x00000000)
2024-06-17T15:50:04.955Z,52.41999816894531,2024-06-17T15:50:04.970Z,2024-06-17T15:50:04.970Z,Good (0x00000000)
2024-06-17T15:51:04.960Z,52.33000183105469,2024-06-17T15:51:04.975Z,2024-06-17T15:51:04.974Z,Good (0x00000000)
2024-06-17T15:52:04.316Z,52.20000076293945,2024-06-17T15:52:04.330Z,2024-06-17T15:52:04.330Z,Good (0x00000000)
2024-06-17T15:53:04.088Z,52.029998779296875,2024-06-17T15:53:04.103Z,2024-06-17T15:53:04.103Z,Good (0x00000000)
2024-06-17T15:54:04.779Z,51.88999938964844,2024-06-17T15:54:04.793Z,2024-06-17T15:54:04.793Z,Good (0x00000000)
2024-06-17T15:55:04.861Z,51.779998779296875,2024-06-17T15:55:04.875Z,2024-06-17T15:55:04.874Z,Good (0x00000000)
2024-06-17T15:56:04.883Z,51.66999816894531,2024-06-17T15:56:04.898Z,2024-06-17T15:56:04.898Z,Good (0x00000000)
2024-06-17T15:57:04.682Z,51.560001373291016,2024-06-17T15:57:04.698Z,2024-06-17T15:57:04.698Z,Good (0x00000000)
2024-06-17T15:58:04.414Z,51.470001220703125,2024-06-17T15:58:04.428Z,2024-06-17T15:58:04.428Z,Good (0x00000000)
2024-06-17T15:59:04.734Z,51.34000015258789,2024-06-17T15:59:04.752Z,2024-06-17T15:59:04.751Z,Good (0x00000000)
2024-06-17T16:00:06.474Z,51.22999954223633,2024-06-17T16:00:06.490Z,2024-06-17T16:00:06.490Z,Good (0x00000000)
2024-06-17T16:01:04.771Z,51.13999938964844,2024-06-17T16:01:04.786Z,2024-06-17T16:01:04.786Z,Good (0x00000000)
2024-06-17T16:02:04.074Z,51.04999923706055,2024-06-17T16:02:04.087Z,2024-06-17T16:02:04.087Z,Good (0x00000000)
2024-06-17T16:03:04.588Z,50.91999816894531,2024-06-17T16:03:04.601Z,2024-06-17T16:03:04.601Z,Good (0x00000000)
2024-06-17T16:04:04.625Z,50.810001373291016,2024-06-17T16:04:04.639Z,2024-06-17T16:04:04.639Z,Good (0x00000000)
2024-06-17T16:05:04.832Z,50.689998626708984,2024-06-17T16:05:04.846Z,2024-06-17T16:05:04.846Z,Good (0x00000000)
2024-06-17T16:06:05.561Z,50.5,2024-06-17T16:06:05.574Z,2024-06-17T16:06:05.574Z,Good (0x00000000)
2024-06-17T16:07:04.727Z,50.38999938964844,2024-06-17T16:07:04.740Z,2024-06-17T16:07:04.740Z,Good (0x00000000)
2024-06-17T16:08:04.917Z,50.279998779296875,2024-06-17T16:08:04.931Z,2024-06-17T16:08:04.931Z,Good (0x00000000)
2024-06-17T16:09:04.326Z,50.189998626708984,2024-06-17T16:09:04.340Z,2024-06-17T16:09:04.340Z,Good (0x00000000)
2024-06-17T16:10:05.062Z,50.119998931884766,2024-06-17T16:10:05.075Z,2024-06-17T16:10:05.075Z,Good (0x00000000)
2024-06-17T16:11:04.396Z,49.970001220703125,2024-06-17T16:11:04.409Z,2024-06-17T16:11:04.409Z,Good (0x00000000)
2024-06-17T16:12:04.466Z,49.93000030517578,2024-06-17T16:12:04.481Z,2024-06-17T16:12:04.481Z,Good (0x00000000)
2024-06-17T16:13:05.213Z,49.86000061035156,2024-06-17T16:13:05.225Z,2024-06-17T16:13:05.225Z,Good (0x00000000)
2024-06-17T16:14:05.005Z,49.77000045776367,2024-06-17T16:14:05.019Z,2024-06-17T16:14:05.018Z,Good (0x00000000)
2024-06-17T16:15:05.125Z,49.63999938964844,2024-06-17T16:15:05.140Z,2024-06-17T16:15:05.139Z,Good (0x00000000)
2024-06-17T16:16:04.337Z,49.529998779296875,2024-06-17T16:16:04.354Z,2024-06-17T16:16:04.354Z,Good (0x00000000)
2024-06-17T16:17:04.626Z,49.439998626708984,2024-06-17T16:17:04.638Z,2024-06-17T16:17:04.638Z,Good (0x00000000)
2024-06-17T16:18:04.972Z,49.33000183105469,2024-06-17T16:18:04.985Z,2024-06-17T16:18:04.985Z,Good (0x00000000)
2024-06-17T16:19:04.358Z,49.33000183105469,2024-06-17T16:19:04.371Z,2024-06-17T16:19:04.371Z,Good (0x00000000)
2024-06-17T16:20:04.308Z,49.220001220703125,2024-06-17T16:20:04.322Z,2024-06-17T16:20:04.322Z,Good (0x00000000)
2024-06-17T16:21:04.556Z,49.11000061035156,2024-06-17T16:21:04.569Z,2024-06-17T16:21:04.569Z,Good (0x00000000)
2024-06-17T16:22:04.541Z,49,2024-06-17T16:22:04.553Z,2024-06-17T16:22:04.553Z,Good (0x00000000)
2024-06-17T16:23:04.437Z,48.90999984741211,2024-06-17T16:23:04.449Z,2024-06-17T16:23:04.449Z,Good (0x00000000)
2024-06-17T16:24:04.475Z,48.90999984741211,2024-06-17T16:24:04.490Z,2024-06-17T16:24:04.490Z,Good (0x00000000)
2024-06-17T16:25:04.020Z,48.779998779296875,2024-06-17T16:25:04.032Z,2024-06-17T16:25:04.032Z,Good (0x00000000)
2024-06-17T16:26:04.877Z,48.66999816894531,2024-06-17T16:26:04.889Z,2024-06-17T16:26:04.889Z,Good (0x00000000)
2024-06-17T16:27:04.628Z,48.58000183105469,2024-06-17T16:27:04.641Z,2024-06-17T16:27:04.641Z,Good (0x00000000)
2024-06-17T16:28:04.721Z,48.47999954223633,2024-06-17T16:28:04.734Z,2024-06-17T16:28:04.734Z,Good (0x00000000)
2024-06-17T16:29:04.302Z,48.470001220703125,2024-06-17T16:29:04.314Z,2024-06-17T16:29:04.314Z,Good (0x00000000)
2024-06-17T16:30:05.213Z,48.36000061035156,2024-06-17T16:30:05.226Z,2024-06-17T16:30:05.226Z,Good (0x00000000)
2024-06-17T16:31:04.240Z,48.25,2024-06-17T16:31:04.252Z,2024-06-17T16:31:04.252Z,Good (0x00000000)
2024-06-17T16:32:04.411Z,48.18000030517578,2024-06-17T16:32:04.423Z,2024-06-17T16:32:04.423Z,Good (0x00000000)
2024-06-17T16:33:04.563Z,48.13999938964844,2024-06-17T16:33:04.577Z,2024-06-17T16:33:04.577Z,Good (0x00000000)
2024-06-17T16:34:04.873Z,48.04999923706055,2024-06-17T16:34:04.885Z,2024-06-17T16:34:04.885Z,Good (0x00000000)
2024-06-17T16:35:05.048Z,47.91999816894531,2024-06-17T16:35:05.061Z,2024-06-17T16:35:05.061Z,Good (0x00000000)
2024-06-17T16:36:04.028Z,47.810001373291016,2024-06-17T16:36:04.041Z,2024-06-17T16:36:04.041Z,Good (0x00000000)
2024-06-17T16:37:04.164Z,47.720001220703125,2024-06-17T16:37:04.176Z,2024-06-17T16:37:04.176Z,Good (0x00000000)
2024-06-17T16:38:04.173Z,47.61000061035156,2024-06-17T16:38:04.186Z,2024-06-17T16:38:04.186Z,Good (0x00000000)
2024-06-17T16:39:05.538Z,47.61000061035156,2024-06-17T16:39:05.555Z,2024-06-17T16:39:05.555Z,Good (0x00000000)
2024-06-17T16:40:04.738Z,47.5,2024-06-17T16:40:04.751Z,2024-06-17T16:40:04.751Z,Good (0x00000000)
2024-06-17T16:41:05.133Z,47.38999938964844,2024-06-17T16:41:05.146Z,2024-06-17T16:41:05.146Z,Good (0x00000000)
2024-06-17T16:42:04.418Z,47.279998779296875,2024-06-17T16:42:04.431Z,2024-06-17T16:42:04.431Z,Good (0x00000000)
2024-06-17T16:43:04.670Z,47.16999816894531,2024-06-17T16:43:04.686Z,2024-06-17T16:43:04.686Z,Good (0x00000000)
2024-06-17T16:44:04.269Z,47.060001373291016,2024-06-17T16:44:04.281Z,2024-06-17T16:44:04.281Z,Good (0x00000000)
2024-06-17T16:45:04.594Z,47.060001373291016,2024-06-17T16:45:04.610Z,2024-06-17T16:45:04.610Z,Good (0x00000000)
2024-06-17T16:46:04.419Z,46.95000076293945,2024-06-17T16:46:04.433Z,2024-06-17T16:46:04.432Z,Good (0x00000000)
2024-06-17T16:47:05.307Z,46.84000015258789,2024-06-17T16:47:05.320Z,2024-06-17T16:47:05.320Z,Good (0x00000000)
2024-06-17T16:48:04.696Z,46.75,2024-06-17T16:48:04.708Z,2024-06-17T16:48:04.708Z,Good (0x00000000)
2024-06-17T16:49:04.392Z,46.630001068115234,2024-06-17T16:49:04.404Z,2024-06-17T16:49:04.404Z,Good (0x00000000)
2024-06-17T16:50:04.833Z,46.52000045776367,2024-06-17T16:50:04.845Z,2024-06-17T16:50:04.845Z,Good (0x00000000)
2024-06-17T16:51:04.595Z,46.439998626708984,2024-06-17T16:51:04.607Z,2024-06-17T16:51:04.606Z,Good (0x00000000)
2024-06-17T16:52:05.142Z,46.41999816894531,2024-06-17T16:52:05.155Z,2024-06-17T16:52:05.155Z,Good (0x00000000)
2024-06-17T16:53:04.324Z,46.310001373291016,2024-06-17T16:53:04.339Z,2024-06-17T16:53:04.339Z,Good (0x00000000)
2024-06-17T16:54:04.647Z,46.20000076293945,2024-06-17T16:54:04.658Z,2024-06-17T16:54:04.658Z,Good (0x00000000)
2024-06-17T16:55:05.199Z,46.09000015258789,2024-06-17T16:55:05.211Z,2024-06-17T16:55:05.211Z,Good (0x00000000)
2024-06-17T16:56:04.987Z,45.97999954223633,2024-06-17T16:56:04.999Z,2024-06-17T16:56:04.999Z,Good (0x00000000)
2024-06-17T16:57:03.984Z,45.880001068115234,2024-06-17T16:57:03.997Z,2024-06-17T16:57:03.997Z,Good (0x00000000)
2024-06-17T16:58:04.751Z,45.77000045776367,2024-06-17T16:58:04.765Z,2024-06-17T16:58:04.765Z,Good (0x00000000)
2024-06-17T16:59:04.734Z,45.630001068115234,2024-06-17T16:59:04.746Z,2024-06-17T16:59:04.746Z,Good (0x00000000)
2024-06-17T17:00:07.122Z,45.439998626708984,2024-06-17T17:00:07.137Z,2024-06-17T17:00:07.137Z,Good (0x00000000)
2024-06-17T17:01:04.835Z,45.34000015258789,2024-06-17T17:01:04.848Z,2024-06-17T17:01:04.847Z,Good (0x00000000)
2024-06-17T17:02:04.987Z,45.33000183105469,2024-06-17T17:02:05.001Z,2024-06-17T17:02:05.001Z,Good (0x00000000)
2024-06-17T17:03:04.666Z,45.220001220703125,2024-06-17T17:03:04.679Z,2024-06-17T17:03:04.679Z,Good (0x00000000)
2024-06-17T17:04:04.469Z,45.11000061035156,2024-06-17T17:04:04.482Z,2024-06-17T17:04:04.482Z,Good (0x00000000)
2024-06-17T17:05:03.955Z,45,2024-06-17T17:05:03.969Z,2024-06-17T17:05:03.969Z,Good (0x00000000)
2024-06-17T17:06:05.838Z,44.88999938964844,2024-06-17T17:06:05.858Z,2024-06-17T17:06:05.858Z,Good (0x00000000)
2024-06-17T17:07:04.460Z,44.779998779296875,2024-06-17T17:07:04.473Z,2024-06-17T17:07:04.472Z,Good (0x00000000)
2024-06-17T17:08:04.465Z,44.66999816894531,2024-06-17T17:08:04.478Z,2024-06-17T17:08:04.478Z,Good (0x00000000)
2024-06-17T17:09:04.687Z,44.560001373291016,2024-06-17T17:09:04.701Z,2024-06-17T17:09:04.701Z,Good (0x00000000)
2024-06-17T17:10:04.808Z,44.45000076293945,2024-06-17T17:10:04.821Z,2024-06-17T17:10:04.821Z,Good (0x00000000)
2024-06-17T17:11:04.466Z,44.34000015258789,2024-06-17T17:11:04.479Z,2024-06-17T17:11:04.479Z,Good (0x00000000)
2024-06-17T17:12:04.959Z,44.22999954223633,2024-06-17T17:12:04.973Z,2024-06-17T17:12:04.973Z,Good (0x00000000)
2024-06-17T17:13:04.704Z,44.130001068115234,2024-06-17T17:13:04.718Z,2024-06-17T17:13:04.718Z,Good (0x00000000)
2024-06-17T17:14:05.234Z,44.02000045776367,2024-06-17T17:14:05.248Z,2024-06-17T17:14:05.248Z,Good (0x00000000)
2024-06-17T17:15:04.872Z,43.95000076293945,2024-06-17T17:15:04.885Z,2024-06-17T17:15:04.884Z,Good (0x00000000)
2024-06-17T17:16:04.645Z,43.90999984741211,2024-06-17T17:16:04.658Z,2024-06-17T17:16:04.658Z,Good (0x00000000)
2024-06-17T17:17:04.643Z,43.79999923706055,2024-06-17T17:17:04.656Z,2024-06-17T17:17:04.656Z,Good (0x00000000)
2024-06-17T17:18:04.867Z,43.689998626708984,2024-06-17T17:18:04.880Z,2024-06-17T17:18:04.880Z,Good (0x00000000)
2024-06-17T17:19:04.463Z,43.58000183105469,2024-06-17T17:19:04.477Z,2024-06-17T17:19:04.477Z,Good (0x00000000)
2024-06-17T17:20:04.865Z,43.58000183105469,2024-06-17T17:20:04.879Z,2024-06-17T17:20:04.879Z,Good (0x00000000)
2024-06-17T17:21:04.683Z,43.470001220703125,2024-06-17T17:21:04.698Z,2024-06-17T17:21:04.698Z,Good (0x00000000)
2024-06-17T17:22:04.757Z,43.36000061035156,2024-06-17T17:22:04.770Z,2024-06-17T17:22:04.770Z,Good (0x00000000)
2024-06-17T17:23:04.536Z,43.25,2024-06-17T17:23:04.549Z,2024-06-17T17:23:04.549Z,Good (0x00000000)
2024-06-17T17:24:04.755Z,43.25,2024-06-17T17:24:04.770Z,2024-06-17T17:24:04.769Z,Good (0x00000000)
2024-06-17T17:25:04.480Z,43.130001068115234,2024-06-17T17:25:04.495Z,2024-06-17T17:25:04.494Z,Good (0x00000000)
2024-06-17T17:26:04.973Z,43.02000045776367,2024-06-17T17:26:04.986Z,2024-06-17T17:26:04.986Z,Good (0x00000000)
2024-06-17T17:27:04.161Z,43.02000045776367,2024-06-17T17:27:04.175Z,2024-06-17T17:27:04.175Z,Good (0x00000000)
2024-06-17T17:28:05.056Z,42.90999984741211,2024-06-17T17:28:05.070Z,2024-06-17T17:28:05.070Z,Good (0x00000000)
2024-06-17T17:29:04.304Z,42.90999984741211,2024-06-17T17:29:04.319Z,2024-06-17T17:29:04.319Z,Good (0x00000000)
2024-06-17T17:30:05.302Z,42.79999923706055,2024-06-17T17:30:05.316Z,2024-06-17T17:30:05.316Z,Good (0x00000000)
2024-06-17T17:31:04.562Z,42.79999923706055,2024-06-17T17:31:04.575Z,2024-06-17T17:31:04.575Z,Good (0x00000000)
2024-06-17T17:32:04.769Z,42.689998626708984,2024-06-17T17:32:04.783Z,2024-06-17T17:32:04.783Z,Good (0x00000000)
2024-06-17T17:33:04.663Z,42.58000183105469,2024-06-17T17:33:04.677Z,2024-06-17T17:33:04.677Z,Good (0x00000000)
2024-06-17T17:34:04.366Z,42.58000183105469,2024-06-17T17:34:04.380Z,2024-06-17T17:34:04.380Z,Good (0x00000000)
2024-06-17T17:35:04.709Z,42.470001220703125,2024-06-17T17:35:04.735Z,2024-06-17T17:35:04.735Z,Good (0x00000000)
2024-06-17T17:36:04.631Z,42.36000061035156,2024-06-17T17:36:04.644Z,2024-06-17T17:36:04.644Z,Good (0x00000000)
2024-06-17T17:37:04.440Z,42.36000061035156,2024-06-17T17:37:04.455Z,2024-06-17T17:37:04.454Z,Good (0x00000000)
2024-06-17T17:38:04.414Z,42.27000045776367,2024-06-17T17:38:04.427Z,2024-06-17T17:38:04.427Z,Good (0x00000000)
2024-06-17T17:39:04.761Z,42.25,2024-06-17T17:39:04.774Z,2024-06-17T17:39:04.774Z,Good (0x00000000)
2024-06-17T17:40:05.087Z,42.15999984741211,2024-06-17T17:40:05.099Z,2024-06-17T17:40:05.099Z,Good (0x00000000)
2024-06-17T17:41:04.608Z,42.13999938964844,2024-06-17T17:41:04.622Z,2024-06-17T17:41:04.622Z,Good (0x00000000)
2024-06-17T17:42:04.909Z,42.029998779296875,2024-06-17T17:42:04.921Z,2024-06-17T17:42:04.921Z,Good (0x00000000)
2024-06-17T17:43:04.357Z,42.029998779296875,2024-06-17T17:43:04.371Z,2024-06-17T17:43:04.371Z,Good (0x00000000)
2024-06-17T17:44:04.576Z,41.91999816894531,2024-06-17T17:44:04.589Z,2024-06-17T17:44:04.589Z,Good (0x00000000)
2024-06-17T17:45:04.569Z,41.91999816894531,2024-06-17T17:45:04.583Z,2024-06-17T17:45:04.583Z,Good (0x00000000)
2024-06-17T17:46:04.762Z,41.810001373291016,2024-06-17T17:46:04.776Z,2024-06-17T17:46:04.776Z,Good (0x00000000)
2024-06-17T17:47:04.380Z,41.79999923706055,2024-06-17T17:47:04.396Z,2024-06-17T17:47:04.396Z,Good (0x00000000)
2024-06-17T17:48:05.116Z,41.779998779296875,2024-06-17T17:48:05.129Z,2024-06-17T17:48:05.129Z,Good (0x00000000)
2024-06-17T17:49:04.632Z,41.689998626708984,2024-06-17T17:49:04.644Z,2024-06-17T17:49:04.644Z,Good (0x00000000)
2024-06-17T17:50:04.937Z,41.689998626708984,2024-06-17T17:50:04.950Z,2024-06-17T17:50:04.950Z,Good (0x00000000)
2024-06-17T17:51:04.179Z,41.58000183105469,2024-06-17T17:51:04.192Z,2024-06-17T17:51:04.192Z,Good (0x00000000)
2024-06-17T17:52:04.748Z,41.470001220703125,2024-06-17T17:52:04.762Z,2024-06-17T17:52:04.762Z,Good (0x00000000)
2024-06-17T17:53:04.809Z,41.40999984741211,2024-06-17T17:53:04.823Z,2024-06-17T17:53:04.823Z,Good (0x00000000)
2024-06-17T17:54:04.785Z,41.34000015258789,2024-06-17T17:54:04.798Z,2024-06-17T17:54:04.798Z,Good (0x00000000)
2024-06-17T17:55:04.756Z,41.22999954223633,2024-06-17T17:55:04.767Z,2024-06-17T17:55:04.767Z,Good (0x00000000)
2024-06-17T17:56:04.653Z,41.22999954223633,2024-06-17T17:56:04.665Z,2024-06-17T17:56:04.665Z,Good (0x00000000)
2024-06-17T17:57:04.825Z,41.22999954223633,2024-06-17T17:57:04.838Z,2024-06-17T17:57:04.838Z,Good (0x00000000)
2024-06-17T17:58:04.620Z,41.130001068115234,2024-06-17T17:58:04.633Z,2024-06-17T17:58:04.633Z,Good (0x00000000)
2024-06-17T17:59:04.153Z,41.130001068115234,2024-06-17T17:59:04.166Z,2024-06-17T17:59:04.166Z,Good (0x00000000)
2024-06-17T18:00:08.031Z,41.02000045776367,2024-06-17T18:00:08.044Z,2024-06-17T18:00:08.044Z,Good (0x00000000)
2024-06-17T18:01:04.750Z,41.02000045776367,2024-06-17T18:01:04.762Z,2024-06-17T18:01:04.762Z,Good (0x00000000)
2024-06-17T18:02:04.460Z,41.02000045776367,2024-06-17T18:02:04.473Z,2024-06-17T18:02:04.473Z,Good (0x00000000)
2024-06-17T18:03:04.354Z,40.95000076293945,2024-06-17T18:03:04.366Z,2024-06-17T18:03:04.366Z,Good (0x00000000)
2024-06-17T18:04:04.652Z,40.88999938964844,2024-06-17T18:04:04.664Z,2024-06-17T18:04:04.664Z,Good (0x00000000)
2024-06-17T18:05:04.762Z,40.88999938964844,2024-06-17T18:05:04.774Z,2024-06-17T18:05:04.774Z,Good (0x00000000)
2024-06-17T18:06:04.912Z,40.88999938964844,2024-06-17T18:06:04.924Z,2024-06-17T18:06:04.924Z,Good (0x00000000)
2024-06-17T18:07:04.613Z,40.79999923706055,2024-06-17T18:07:04.626Z,2024-06-17T18:07:04.626Z,Good (0x00000000)
2024-06-17T18:08:04.164Z,40.779998779296875,2024-06-17T18:08:04.179Z,2024-06-17T18:08:04.179Z,Good (0x00000000)
2024-06-17T18:09:04.719Z,40.779998779296875,2024-06-17T18:09:04.732Z,2024-06-17T18:09:04.732Z,Good (0x00000000)
2024-06-17T18:10:04.842Z,40.779998779296875,2024-06-17T18:10:04.856Z,2024-06-17T18:10:04.856Z,Good (0x00000000)
2024-06-17T18:11:04.997Z,40.779998779296875,2024-06-17T18:11:05.012Z,2024-06-17T18:11:05.012Z,Good (0x00000000)
2024-06-17T18:12:04.719Z,40.779998779296875,2024-06-17T18:12:04.733Z,2024-06-17T18:12:04.733Z,Good (0x00000000)
2024-06-17T18:13:04.759Z,40.720001220703125,2024-06-17T18:13:04.772Z,2024-06-17T18:13:04.772Z,Good (0x00000000)
2024-06-17T18:14:04.683Z,40.66999816894531,2024-06-17T18:14:04.698Z,2024-06-17T18:14:04.698Z,Good (0x00000000)
2024-06-17T18:15:04.996Z,40.66999816894531,2024-06-17T18:15:05.010Z,2024-06-17T18:15:05.010Z,Good (0x00000000)
2024-06-17T18:16:04.742Z,40.66999816894531,2024-06-17T18:16:04.756Z,2024-06-17T18:16:04.756Z,Good (0x00000000)
2024-06-17T18:17:05.122Z,40.66999816894531,2024-06-17T18:17:05.136Z,2024-06-17T18:17:05.136Z,Good (0x00000000)
2024-06-17T18:18:04.422Z,40.66999816894531,2024-06-17T18:18:04.440Z,2024-06-17T18:18:04.440Z,Good (0x00000000)
2024-06-17T18:19:04.678Z,40.66999816894531,2024-06-17T18:19:04.692Z,2024-06-17T18:19:04.692Z,Good (0x00000000)
2024-06-17T18:20:04.584Z,40.58000183105469,2024-06-17T18:20:04.599Z,2024-06-17T18:20:04.599Z,Good (0x00000000)
2024-06-17T18:21:03.986Z,40.560001373291016,2024-06-17T18:21:04.000Z,2024-06-17T18:21:04.000Z,Good (0x00000000)
2024-06-17T18:22:04.325Z,40.560001373291016,2024-06-17T18:22:04.345Z,2024-06-17T18:22:04.345Z,Good (0x00000000)
2024-06-17T18:23:04.747Z,40.560001373291016,2024-06-17T18:23:04.762Z,2024-06-17T18:23:04.762Z,Good (0x00000000)
2024-06-17T18:24:04.835Z,40.560001373291016,2024-06-17T18:24:04.850Z,2024-06-17T18:24:04.850Z,Good (0x00000000)
2024-06-17T18:25:04.432Z,40.560001373291016,2024-06-17T18:25:04.448Z,2024-06-17T18:25:04.448Z,Good (0x00000000)
2024-06-17T18:26:04.793Z,40.560001373291016,2024-06-17T18:26:04.810Z,2024-06-17T18:26:04.810Z,Good (0x00000000)
2024-06-17T18:27:04.197Z,40.560001373291016,2024-06-17T18:27:04.212Z,2024-06-17T18:27:04.212Z,Good (0x00000000)
2024-06-17T18:28:05.127Z,40.560001373291016,2024-06-17T18:28:05.142Z,2024-06-17T18:28:05.142Z,Good (0x00000000)
2024-06-17T18:29:04.237Z,40.560001373291016,2024-06-17T18:29:04.259Z,2024-06-17T18:29:04.259Z,Good (0x00000000)
2024-06-17T18:30:05.432Z,40.560001373291016,2024-06-17T18:30:05.448Z,2024-06-17T18:30:05.448Z,Good (0x00000000)
2024-06-17T18:31:04.114Z,40.560001373291016,2024-06-17T18:31:04.130Z,2024-06-17T18:31:04.130Z,Good (0x00000000)
2024-06-17T18:32:04.118Z,40.560001373291016,2024-06-17T18:32:04.132Z,2024-06-17T18:32:04.132Z,Good (0x00000000)
2024-06-17T18:33:04.069Z,40.560001373291016,2024-06-17T18:33:04.085Z,2024-06-17T18:33:04.085Z,Good (0x00000000)
2024-06-17T18:34:04.426Z,40.45000076293945,2024-06-17T18:34:04.442Z,2024-06-17T18:34:04.442Z,Good (0x00000000)
2024-06-17T18:35:04.451Z,40.22999954223633,2024-06-17T18:35:04.470Z,2024-06-17T18:35:04.470Z,Good (0x00000000)
2024-06-17T18:36:04.446Z,40,2024-06-17T18:36:04.462Z,2024-06-17T18:36:04.462Z,Good (0x00000000)
2024-06-17T18:37:03.846Z,39.66999816894531,2024-06-17T18:37:03.861Z,2024-06-17T18:37:03.861Z,Good (0x00000000)
2024-06-17T18:38:04.625Z,39.41999816894531,2024-06-17T18:38:04.641Z,2024-06-17T18:38:04.641Z,Good (0x00000000)
2024-06-17T18:39:05.055Z,39.20000076293945,2024-06-17T18:39:05.071Z,2024-06-17T18:39:05.071Z,Good (0x00000000)
2024-06-17T18:40:04.722Z,38.970001220703125,2024-06-17T18:40:04.742Z,2024-06-17T18:40:04.742Z,Good (0x00000000)
2024-06-17T18:41:04.697Z,38.86000061035156,2024-06-17T18:41:04.714Z,2024-06-17T18:41:04.714Z,Good (0x00000000)
2024-06-17T18:42:04.522Z,38.75,2024-06-17T18:42:04.537Z,2024-06-17T18:42:04.537Z,Good (0x00000000)
2024-06-17T18:43:04.586Z,38.59000015258789,2024-06-17T18:43:04.602Z,2024-06-17T18:43:04.602Z,Good (0x00000000)
2024-06-17T18:44:04.032Z,38.38999938964844,2024-06-17T18:44:04.048Z,2024-06-17T18:44:04.048Z,Good (0x00000000)
2024-06-17T18:45:04.311Z,38.279998779296875,2024-06-17T18:45:04.326Z,2024-06-17T18:45:04.326Z,Good (0x00000000)
2024-06-17T18:46:03.944Z,38.15999984741211,2024-06-17T18:46:03.959Z,2024-06-17T18:46:03.959Z,Good (0x00000000)
2024-06-17T18:47:04.715Z,38.04999923706055,2024-06-17T18:47:04.731Z,2024-06-17T18:47:04.731Z,Good (0x00000000)
2024-06-17T18:48:04.267Z,37.97999954223633,2024-06-17T18:48:04.283Z,2024-06-17T18:48:04.282Z,Good (0x00000000)
2024-06-17T18:49:04.648Z,37.91999816894531,2024-06-17T18:49:04.664Z,2024-06-17T18:49:04.664Z,Good (0x00000000)
2024-06-17T18:50:04.793Z,37.83000183105469,2024-06-17T18:50:04.811Z,2024-06-17T18:50:04.810Z,Good (0x00000000)
2024-06-17T18:51:04.867Z,37.70000076293945,2024-06-17T18:51:04.883Z,2024-06-17T18:51:04.883Z,Good (0x00000000)
2024-06-17T18:52:04.657Z,37.61000061035156,2024-06-17T18:52:04.678Z,2024-06-17T18:52:04.678Z,Good (0x00000000)
2024-06-17T18:53:05.249Z,37.58000183105469,2024-06-17T18:53:05.266Z,2024-06-17T18:53:05.266Z,Good (0x00000000)
2024-06-17T18:54:05.145Z,37.470001220703125,2024-06-17T18:54:05.161Z,2024-06-17T18:54:05.161Z,Good (0x00000000)
2024-06-17T18:55:04.496Z,37.470001220703125,2024-06-17T18:55:04.511Z,2024-06-17T18:55:04.511Z,Good (0x00000000)
2024-06-17T18:56:04.518Z,37.380001068115234,2024-06-17T18:56:04.533Z,2024-06-17T18:56:04.533Z,Good (0x00000000)
2024-06-17T18:57:03.970Z,37.36000061035156,2024-06-17T18:57:03.985Z,2024-06-17T18:57:03.985Z,Good (0x00000000)
2024-06-17T18:58:04.244Z,37.36000061035156,2024-06-17T18:58:04.260Z,2024-06-17T18:58:04.260Z,Good (0x00000000)
2024-06-17T18:59:04.718Z,37.36000061035156,2024-06-17T18:59:04.734Z,2024-06-17T18:59:04.734Z,Good (0x00000000)
2024-06-17T19:00:06.667Z,37.22999954223633,2024-06-17T19:00:06.683Z,2024-06-17T19:00:06.683Z,Good (0x00000000)
2024-06-17T19:01:04.927Z,37.22999954223633,2024-06-17T19:01:04.942Z,2024-06-17T19:01:04.942Z,Good (0x00000000)
2024-06-17T19:02:04.454Z,37.22999954223633,2024-06-17T19:02:04.469Z,2024-06-17T19:02:04.469Z,Good (0x00000000)
2024-06-17T19:03:03.904Z,37.13999938964844,2024-06-17T19:03:03.920Z,2024-06-17T19:03:03.920Z,Good (0x00000000)
2024-06-17T19:04:04.525Z,37.11000061035156,2024-06-17T19:04:04.544Z,2024-06-17T19:04:04.544Z,Good (0x00000000)
2024-06-17T19:05:04.884Z,37,2024-06-17T19:05:04.900Z,2024-06-17T19:05:04.900Z,Good (0x00000000)
2024-06-17T19:06:05.217Z,37,2024-06-17T19:06:05.233Z,2024-06-17T19:06:05.233Z,Good (0x00000000)
2024-06-17T19:07:04.942Z,36.939998626708984,2024-06-17T19:07:04.958Z,2024-06-17T19:07:04.958Z,Good (0x00000000)
2024-06-17T19:08:03.943Z,36.88999938964844,2024-06-17T19:08:03.966Z,2024-06-17T19:08:03.966Z,Good (0x00000000)
2024-06-17T19:09:04.335Z,36.88999938964844,2024-06-17T19:09:04.352Z,2024-06-17T19:09:04.352Z,Good (0x00000000)
2024-06-17T19:10:04.672Z,36.88999938964844,2024-06-17T19:10:04.687Z,2024-06-17T19:10:04.687Z,Good (0x00000000)
2024-06-17T19:11:04.748Z,36.86000061035156,2024-06-17T19:11:04.768Z,2024-06-17T19:11:04.768Z,Good (0x00000000)
2024-06-17T19:12:04.874Z,36.79999923706055,2024-06-17T19:12:04.889Z,2024-06-17T19:12:04.889Z,Good (0x00000000)
2024-06-17T19:13:04.376Z,36.869998931884766,2024-06-17T19:13:04.392Z,2024-06-17T19:13:04.392Z,Good (0x00000000)
2024-06-17T19:14:04.388Z,36.88999938964844,2024-06-17T19:14:04.405Z,2024-06-17T19:14:04.405Z,Good (0x00000000)
2024-06-17T19:15:04.647Z,36.88999938964844,2024-06-17T19:15:04.671Z,2024-06-17T19:15:04.671Z,Good (0x00000000)
2024-06-17T19:16:04.644Z,36.88999938964844,2024-06-17T19:16:04.660Z,2024-06-17T19:16:04.660Z,Good (0x00000000)
2024-06-17T19:17:04.865Z,36.88999938964844,2024-06-17T19:17:04.880Z,2024-06-17T19:17:04.880Z,Good (0x00000000)
2024-06-17T19:18:04.915Z,36.88999938964844,2024-06-17T19:18:04.931Z,2024-06-17T19:18:04.931Z,Good (0x00000000)
2024-06-17T19:19:04.323Z,36.88999938964844,2024-06-17T19:19:04.337Z,2024-06-17T19:19:04.337Z,Good (0x00000000)
2024-06-17T19:20:04.569Z,36.88999938964844,2024-06-17T19:20:04.584Z,2024-06-17T19:20:04.584Z,Good (0x00000000)
2024-06-17T19:21:04.247Z,36.959999084472656,2024-06-17T19:21:04.262Z,2024-06-17T19:21:04.262Z,Good (0x00000000)
2024-06-17T19:22:04.607Z,37,2024-06-17T19:22:04.623Z,2024-06-17T19:22:04.623Z,Good (0x00000000)
2024-06-17T19:23:04.789Z,37,2024-06-17T19:23:04.803Z,2024-06-17T19:23:04.803Z,Good (0x00000000)
2024-06-17T19:24:04.590Z,37,2024-06-17T19:24:04.604Z,2024-06-17T19:24:04.604Z,Good (0x00000000)
2024-06-17T19:25:04.612Z,37,2024-06-17T19:25:04.627Z,2024-06-17T19:25:04.626Z,Good (0x00000000)
2024-06-17T19:26:05.123Z,37.11000061035156,2024-06-17T19:26:05.138Z,2024-06-17T19:26:05.138Z,Good (0x00000000)
2024-06-17T19:27:04.611Z,37.11000061035156,2024-06-17T19:27:04.624Z,2024-06-17T19:27:04.624Z,Good (0x00000000)
2024-06-17T19:28:04.802Z,37.11000061035156,2024-06-17T19:28:04.817Z,2024-06-17T19:28:04.817Z,Good (0x00000000)
2024-06-17T19:29:04.922Z,37.16999816894531,2024-06-17T19:29:04.936Z,2024-06-17T19:29:04.935Z,Good (0x00000000)
2024-06-17T19:30:04.370Z,37.22999954223633,2024-06-17T19:30:04.383Z,2024-06-17T19:30:04.383Z,Good (0x00000000)
2024-06-17T19:31:04.049Z,37.22999954223633,2024-06-17T19:31:04.063Z,2024-06-17T19:31:04.063Z,Good (0x00000000)
2024-06-17T19:32:04.423Z,37.22999954223633,2024-06-17T19:32:04.437Z,2024-06-17T19:32:04.437Z,Good (0x00000000)
2024-06-17T19:33:04.227Z,37.22999954223633,2024-06-17T19:33:04.241Z,2024-06-17T19:33:04.241Z,Good (0x00000000)
2024-06-17T19:34:04.713Z,37.02000045776367,2024-06-17T19:34:04.727Z,2024-06-17T19:34:04.727Z,Good (0x00000000)
2024-06-17T19:35:04.839Z,36.77000045776367,2024-06-17T19:35:04.853Z,2024-06-17T19:35:04.853Z,Good (0x00000000)
2024-06-17T19:36:04.291Z,36.529998779296875,2024-06-17T19:36:04.304Z,2024-06-17T19:36:04.304Z,Good (0x00000000)
2024-06-17T19:37:05.732Z,36.16999816894531,2024-06-17T19:37:05.745Z,2024-06-17T19:37:05.745Z,Good (0x00000000)
2024-06-17T19:38:04.409Z,35.95000076293945,2024-06-17T19:38:04.422Z,2024-06-17T19:38:04.422Z,Good (0x00000000)
2024-06-17T19:39:05.521Z,35.58000183105469,2024-06-17T19:39:05.533Z,2024-06-17T19:39:05.533Z,Good (0x00000000)
2024-06-17T19:40:04.598Z,35.34000015258789,2024-06-17T19:40:04.614Z,2024-06-17T19:40:04.614Z,Good (0x00000000)
2024-06-17T19:41:04.841Z,35.130001068115234,2024-06-17T19:41:04.854Z,2024-06-17T19:41:04.854Z,Good (0x00000000)
2024-06-17T19:42:04.559Z,35,2024-06-17T19:42:04.573Z,2024-06-17T19:42:04.573Z,Good (0x00000000)
2024-06-17T19:43:04.162Z,34.86000061035156,2024-06-17T19:43:04.175Z,2024-06-17T19:43:04.175Z,Good (0x00000000)
2024-06-17T19:44:04.452Z,34.72999954223633,2024-06-17T19:44:04.464Z,2024-06-17T19:44:04.464Z,Good (0x00000000)
2024-06-17T19:45:04.188Z,34.66999816894531,2024-06-17T19:45:04.202Z,2024-06-17T19:45:04.202Z,Good (0x00000000)
2024-06-17T19:46:04.062Z,34.61000061035156,2024-06-17T19:46:04.076Z,2024-06-17T19:46:04.076Z,Good (0x00000000)
2024-06-17T19:47:04.184Z,34.52000045776367,2024-06-17T19:47:04.197Z,2024-06-17T19:47:04.197Z,Good (0x00000000)
2024-06-17T19:48:04.272Z,34.380001068115234,2024-06-17T19:48:04.286Z,2024-06-17T19:48:04.286Z,Good (0x00000000)
2024-06-17T19:49:03.945Z,34.25,2024-06-17T19:49:03.957Z,2024-06-17T19:49:03.957Z,Good (0x00000000)
2024-06-17T19:50:04.297Z,34.25,2024-06-17T19:50:04.309Z,2024-06-17T19:50:04.309Z,Good (0x00000000)
2024-06-17T19:51:04.186Z,34.13999938964844,2024-06-17T19:51:04.200Z,2024-06-17T19:51:04.200Z,Good (0x00000000)
2024-06-17T19:52:05.007Z,34.13999938964844,2024-06-17T19:52:05.021Z,2024-06-17T19:52:05.021Z,Good (0x00000000)
2024-06-17T19:53:04.730Z,34.029998779296875,2024-06-17T19:53:04.743Z,2024-06-17T19:53:04.743Z,Good (0x00000000)
2024-06-17T19:54:04.498Z,34.029998779296875,2024-06-17T19:54:04.512Z,2024-06-17T19:54:04.512Z,Good (0x00000000)
2024-06-17T19:55:04.691Z,34.029998779296875,2024-06-17T19:55:04.703Z,2024-06-17T19:55:04.703Z,Good (0x00000000)
2024-06-17T19:56:04.315Z,34.029998779296875,2024-06-17T19:56:04.327Z,2024-06-17T19:56:04.327Z,Good (0x00000000)
2024-06-17T19:57:04.832Z,33.97999954223633,2024-06-17T19:57:04.845Z,2024-06-17T19:57:04.845Z,Good (0x00000000)
2024-06-17T19:58:04.717Z,33.97999954223633,2024-06-17T19:58:04.731Z,2024-06-17T19:58:04.731Z,Good (0x00000000)
2024-06-17T19:59:04.374Z,34.029998779296875,2024-06-17T19:59:04.387Z,2024-06-17T19:59:04.387Z,Good (0x00000000)
2024-06-17T20:00:06.569Z,34.029998779296875,2024-06-17T20:00:06.583Z,2024-06-17T20:00:06.583Z,Good (0x00000000)
2024-06-17T20:01:04.857Z,34.029998779296875,2024-06-17T20:01:04.872Z,2024-06-17T20:01:04.871Z,Good (0x00000000)
2024-06-17T20:02:04.267Z,34.029998779296875,2024-06-17T20:02:04.280Z,2024-06-17T20:02:04.280Z,Good (0x00000000)
2024-06-17T20:03:04.026Z,34.029998779296875,2024-06-17T20:03:04.039Z,2024-06-17T20:03:04.039Z,Good (0x00000000)
2024-06-17T20:04:04.363Z,34.029998779296875,2024-06-17T20:04:04.381Z,2024-06-17T20:04:04.381Z,Good (0x00000000)
2024-06-17T20:05:04.691Z,34.029998779296875,2024-06-17T20:05:04.704Z,2024-06-17T20:05:04.704Z,Good (0x00000000)
2024-06-17T20:06:04.710Z,34.029998779296875,2024-06-17T20:06:04.722Z,2024-06-17T20:06:04.722Z,Good (0x00000000)
2024-06-17T20:07:04.467Z,34.029998779296875,2024-06-17T20:07:04.482Z,2024-06-17T20:07:04.482Z,Good (0x00000000)
2024-06-17T20:08:04.881Z,34.13999938964844,2024-06-17T20:08:04.894Z,2024-06-17T20:08:04.893Z,Good (0x00000000)
2024-06-17T20:09:04.707Z,34.13999938964844,2024-06-17T20:09:04.720Z,2024-06-17T20:09:04.720Z,Good (0x00000000)
2024-06-17T20:10:04.739Z,34.25,2024-06-17T20:10:04.753Z,2024-06-17T20:10:04.753Z,Good (0x00000000)
2024-06-17T20:11:04.211Z,34.25,2024-06-17T20:11:04.225Z,2024-06-17T20:11:04.224Z,Good (0x00000000)
2024-06-17T20:12:04.837Z,34.369998931884766,2024-06-17T20:12:04.850Z,2024-06-17T20:12:04.850Z,Good (0x00000000)
2024-06-17T20:13:04.645Z,34.4900016784668,2024-06-17T20:13:04.658Z,2024-06-17T20:13:04.658Z,Good (0x00000000)
2024-06-17T20:14:05.042Z,34.52000045776367,2024-06-17T20:14:05.054Z,2024-06-17T20:14:05.054Z,Good (0x00000000)
2024-06-17T20:15:04.763Z,34.52000045776367,2024-06-17T20:15:04.777Z,2024-06-17T20:15:04.777Z,Good (0x00000000)
2024-06-17T20:16:04.752Z,34.619998931884766,2024-06-17T20:16:04.765Z,2024-06-17T20:16:04.765Z,Good (0x00000000)
2024-06-17T20:17:04.658Z,34.619998931884766,2024-06-17T20:17:04.671Z,2024-06-17T20:17:04.671Z,Good (0x00000000)
2024-06-17T20:18:04.388Z,34.619998931884766,2024-06-17T20:18:04.401Z,2024-06-17T20:18:04.401Z,Good (0x00000000)
2024-06-17T20:19:04.187Z,34.66999816894531,2024-06-17T20:19:04.202Z,2024-06-17T20:19:04.202Z,Good (0x00000000)
2024-06-17T20:20:04.458Z,34.72999954223633,2024-06-17T20:20:04.471Z,2024-06-17T20:20:04.471Z,Good (0x00000000)
2024-06-17T20:21:04.348Z,34.72999954223633,2024-06-17T20:21:04.379Z,2024-06-17T20:21:04.379Z,Good (0x00000000)
2024-06-17T20:22:04.025Z,34.72999954223633,2024-06-17T20:22:04.039Z,2024-06-17T20:22:04.038Z,Good (0x00000000)
2024-06-17T20:23:04.552Z,34.72999954223633,2024-06-17T20:23:04.565Z,2024-06-17T20:23:04.565Z,Good (0x00000000)
2024-06-17T20:24:04.727Z,34.86000061035156,2024-06-17T20:24:04.740Z,2024-06-17T20:24:04.740Z,Good (0x00000000)
2024-06-17T20:25:04.687Z,34.86000061035156,2024-06-17T20:25:04.700Z,2024-06-17T20:25:04.700Z,Good (0x00000000)
2024-06-17T20:26:04.945Z,35,2024-06-17T20:26:04.958Z,2024-06-17T20:26:04.958Z,Good (0x00000000)
2024-06-17T20:27:04.524Z,35,2024-06-17T20:27:04.538Z,2024-06-17T20:27:04.538Z,Good (0x00000000)
2024-06-17T20:28:04.946Z,35.11000061035156,2024-06-17T20:28:04.959Z,2024-06-17T20:28:04.959Z,Good (0x00000000)
2024-06-17T20:29:04.228Z,35.119998931884766,2024-06-17T20:29:04.240Z,2024-06-17T20:29:04.240Z,Good (0x00000000)
2024-06-17T20:30:05.345Z,35.220001220703125,2024-06-17T20:30:05.357Z,2024-06-17T20:30:05.357Z,Good (0x00000000)
2024-06-17T20:31:04.180Z,35.310001373291016,2024-06-17T20:31:04.192Z,2024-06-17T20:31:04.192Z,Good (0x00000000)
2024-06-17T20:32:04.248Z,35.34000015258789,2024-06-17T20:32:04.263Z,2024-06-17T20:32:04.263Z,Good (0x00000000)
2024-06-17T20:33:04.301Z,35.400001525878906,2024-06-17T20:33:04.314Z,2024-06-17T20:33:04.313Z,Good (0x00000000)
2024-06-17T20:34:04.103Z,35.470001220703125,2024-06-17T20:34:04.116Z,2024-06-17T20:34:04.116Z,Good (0x00000000)
2024-06-17T20:35:04.452Z,35.470001220703125,2024-06-17T20:35:04.464Z,2024-06-17T20:35:04.464Z,Good (0x00000000)
2024-06-17T20:36:04.150Z,35.58000183105469,2024-06-17T20:36:04.164Z,2024-06-17T20:36:04.164Z,Good (0x00000000)
2024-06-17T20:37:04.036Z,35.58000183105469,2024-06-17T20:37:04.049Z,2024-06-17T20:37:04.049Z,Good (0x00000000)
2024-06-17T20:38:03.914Z,35.65999984741211,2024-06-17T20:38:03.928Z,2024-06-17T20:38:03.928Z,Good (0x00000000)
2024-06-17T20:39:05.194Z,35.689998626708984,2024-06-17T20:39:05.206Z,2024-06-17T20:39:05.206Z,Good (0x00000000)
2024-06-17T20:40:04.953Z,35.720001220703125,2024-06-17T20:40:04.967Z,2024-06-17T20:40:04.967Z,Good (0x00000000)
2024-06-17T20:41:03.999Z,35.810001373291016,2024-06-17T20:41:04.011Z,2024-06-17T20:41:04.011Z,Good (0x00000000)
2024-06-17T20:42:04.584Z,35.810001373291016,2024-06-17T20:42:04.602Z,2024-06-17T20:42:04.602Z,Good (0x00000000)
2024-06-17T20:43:04.278Z,35.95000076293945,2024-06-17T20:43:04.292Z,2024-06-17T20:43:04.292Z,Good (0x00000000)
2024-06-17T20:44:04.084Z,35.95000076293945,2024-06-17T20:44:04.096Z,2024-06-17T20:44:04.096Z,Good (0x00000000)
2024-06-17T20:45:04.234Z,36.060001373291016,2024-06-17T20:45:04.246Z,2024-06-17T20:45:04.246Z,Good (0x00000000)
2024-06-17T20:46:04.115Z,36.060001373291016,2024-06-17T20:46:04.128Z,2024-06-17T20:46:04.128Z,Good (0x00000000)
2024-06-17T20:47:04.458Z,36.16999816894531,2024-06-17T20:47:04.475Z,2024-06-17T20:47:04.474Z,Good (0x00000000)
2024-06-17T20:48:04.611Z,36.16999816894531,2024-06-17T20:48:04.622Z,2024-06-17T20:48:04.622Z,Good (0x00000000)
2024-06-17T20:49:04.397Z,36.22999954223633,2024-06-17T20:49:04.410Z,2024-06-17T20:49:04.410Z,Good (0x00000000)
2024-06-17T20:50:05.045Z,36.29999923706055,2024-06-17T20:50:05.058Z,2024-06-17T20:50:05.058Z,Good (0x00000000)
2024-06-17T20:51:03.863Z,36.29999923706055,2024-06-17T20:51:03.875Z,2024-06-17T20:51:03.875Z,Good (0x00000000)
2024-06-17T20:52:04.827Z,36.29999923706055,2024-06-17T20:52:04.841Z,2024-06-17T20:52:04.841Z,Good (0x00000000)
2024-06-17T20:53:04.114Z,36.41999816894531,2024-06-17T20:53:04.126Z,2024-06-17T20:53:04.126Z,Good (0x00000000)
2024-06-17T20:54:04.650Z,36.41999816894531,2024-06-17T20:54:04.664Z,2024-06-17T20:54:04.664Z,Good (0x00000000)
2024-06-17T20:55:04.284Z,36.529998779296875,2024-06-17T20:55:04.297Z,2024-06-17T20:55:04.296Z,Good (0x00000000)
2024-06-17T20:56:04.591Z,36.63999938964844,2024-06-17T20:56:04.604Z,2024-06-17T20:56:04.604Z,Good (0x00000000)
2024-06-17T20:57:04.340Z,36.63999938964844,2024-06-17T20:57:04.354Z,2024-06-17T20:57:04.354Z,Good (0x00000000)
2024-06-17T20:58:04.108Z,36.63999938964844,2024-06-17T20:58:04.122Z,2024-06-17T20:58:04.122Z,Good (0x00000000)
2024-06-17T20:59:04.544Z,36.77000045776367,2024-06-17T20:59:04.557Z,2024-06-17T20:59:04.557Z,Good (0x00000000)
2024-06-17T21:00:07.319Z,36.77000045776367,2024-06-17T21:00:07.342Z,2024-06-17T21:00:07.342Z,Good (0x00000000)
2024-06-17T21:01:04.461Z,36.77000045776367,2024-06-17T21:01:04.473Z,2024-06-17T21:01:04.473Z,Good (0x00000000)
2024-06-17T21:02:04.534Z,36.88999938964844,2024-06-17T21:02:04.548Z,2024-06-17T21:02:04.548Z,Good (0x00000000)
2024-06-17T21:03:04.605Z,36.970001220703125,2024-06-17T21:03:04.620Z,2024-06-17T21:03:04.620Z,Good (0x00000000)
2024-06-17T21:04:04.283Z,37.02000045776367,2024-06-17T21:04:04.297Z,2024-06-17T21:04:04.297Z,Good (0x00000000)
2024-06-17T21:05:04.498Z,37.13999938964844,2024-06-17T21:05:04.512Z,2024-06-17T21:05:04.512Z,Good (0x00000000)
2024-06-17T21:06:05.107Z,37.22999954223633,2024-06-17T21:06:05.120Z,2024-06-17T21:06:05.120Z,Good (0x00000000)
2024-06-17T21:07:04.475Z,37.349998474121094,2024-06-17T21:07:04.490Z,2024-06-17T21:07:04.490Z,Good (0x00000000)
2024-06-17T21:08:03.923Z,37.36000061035156,2024-06-17T21:08:03.941Z,2024-06-17T21:08:03.941Z,Good (0x00000000)
2024-06-17T21:09:04.716Z,37.470001220703125,2024-06-17T21:09:04.731Z,2024-06-17T21:09:04.731Z,Good (0x00000000)
2024-06-17T21:10:04.679Z,37.470001220703125,2024-06-17T21:10:04.693Z,2024-06-17T21:10:04.693Z,Good (0x00000000)
2024-06-17T21:11:04.522Z,37.58000183105469,2024-06-17T21:11:04.537Z,2024-06-17T21:11:04.537Z,Good (0x00000000)
2024-06-17T21:12:04.771Z,37.58000183105469,2024-06-17T21:12:04.784Z,2024-06-17T21:12:04.784Z,Good (0x00000000)
2024-06-17T21:13:04.769Z,37.70000076293945,2024-06-17T21:13:04.783Z,2024-06-17T21:13:04.783Z,Good (0x00000000)
2024-06-17T21:14:04.769Z,37.70000076293945,2024-06-17T21:14:04.783Z,2024-06-17T21:14:04.783Z,Good (0x00000000)
2024-06-17T21:15:04.124Z,37.83000183105469,2024-06-17T21:15:04.137Z,2024-06-17T21:15:04.137Z,Good (0x00000000)
2024-06-17T21:16:04.598Z,37.83000183105469,2024-06-17T21:16:04.612Z,2024-06-17T21:16:04.612Z,Good (0x00000000)
2024-06-17T21:17:04.508Z,37.939998626708984,2024-06-17T21:17:04.522Z,2024-06-17T21:17:04.522Z,Good (0x00000000)
2024-06-17T21:18:04.771Z,37.939998626708984,2024-06-17T21:18:04.786Z,2024-06-17T21:18:04.786Z,Good (0x00000000)
2024-06-17T21:19:04.404Z,38.04999923706055,2024-06-17T21:19:04.418Z,2024-06-17T21:19:04.418Z,Good (0x00000000)
2024-06-17T21:20:04.422Z,38.04999923706055,2024-06-17T21:20:04.438Z,2024-06-17T21:20:04.438Z,Good (0x00000000)
2024-06-17T21:21:04.880Z,38.15999984741211,2024-06-17T21:21:04.897Z,2024-06-17T21:21:04.897Z,Good (0x00000000)
2024-06-17T21:22:04.495Z,38.15999984741211,2024-06-17T21:22:04.510Z,2024-06-17T21:22:04.510Z,Good (0x00000000)
2024-06-17T21:23:04.504Z,38.279998779296875,2024-06-17T21:23:04.518Z,2024-06-17T21:23:04.518Z,Good (0x00000000)
2024-06-17T21:24:04.211Z,38.29999923706055,2024-06-17T21:24:04.229Z,2024-06-17T21:24:04.229Z,Good (0x00000000)
2024-06-17T21:25:04.270Z,38.38999938964844,2024-06-17T21:25:04.284Z,2024-06-17T21:25:04.284Z,Good (0x00000000)
2024-06-17T21:26:04.857Z,38.5,2024-06-17T21:26:04.874Z,2024-06-17T21:26:04.874Z,Good (0x00000000)
2024-06-17T21:27:04.545Z,38.5,2024-06-17T21:27:04.559Z,2024-06-17T21:27:04.559Z,Good (0x00000000)
2024-06-17T21:28:04.772Z,38.619998931884766,2024-06-17T21:28:04.786Z,2024-06-17T21:28:04.786Z,Good (0x00000000)
2024-06-17T21:29:03.755Z,38.619998931884766,2024-06-17T21:29:03.772Z,2024-06-17T21:29:03.772Z,Good (0x00000000)
2024-06-17T21:30:04.795Z,38.720001220703125,2024-06-17T21:30:04.810Z,2024-06-17T21:30:04.810Z,Good (0x00000000)
2024-06-17T21:31:03.781Z,38.75,2024-06-17T21:31:03.802Z,2024-06-17T21:31:03.802Z,Good (0x00000000)
2024-06-17T21:32:04.552Z,38.75,2024-06-17T21:32:04.566Z,2024-06-17T21:32:04.566Z,Good (0x00000000)
2024-06-17T21:33:03.694Z,38.86000061035156,2024-06-17T21:33:03.708Z,2024-06-17T21:33:03.708Z,Good (0x00000000)
2024-06-17T21:34:04.685Z,38.86000061035156,2024-06-17T21:34:04.699Z,2024-06-17T21:34:04.699Z,Good (0x00000000)
2024-06-17T21:35:05.020Z,38.86000061035156,2024-06-17T21:35:05.034Z,2024-06-17T21:35:05.034Z,Good (0x00000000)
2024-06-17T21:36:04.037Z,38.86000061035156,2024-06-17T21:36:04.051Z,2024-06-17T21:36:04.051Z,Good (0x00000000)
2024-06-17T21:37:03.944Z,38.970001220703125,2024-06-17T21:37:03.960Z,2024-06-17T21:37:03.960Z,Good (0x00000000)
2024-06-17T21:38:04.086Z,38.970001220703125,2024-06-17T21:38:04.101Z,2024-06-17T21:38:04.101Z,Good (0x00000000)
2024-06-17T21:39:04.296Z,38.970001220703125,2024-06-17T21:39:04.310Z,2024-06-17T21:39:04.310Z,Good (0x00000000)
2024-06-17T21:40:04.706Z,38.970001220703125,2024-06-17T21:40:04.720Z,2024-06-17T21:40:04.720Z,Good (0x00000000)
2024-06-17T21:41:04.440Z,38.970001220703125,2024-06-17T21:41:04.453Z,2024-06-17T21:41:04.453Z,Good (0x00000000)
2024-06-17T21:42:04.562Z,38.970001220703125,2024-06-17T21:42:04.576Z,2024-06-17T21:42:04.576Z,Good (0x00000000)
2024-06-17T21:43:03.963Z,38.970001220703125,2024-06-17T21:43:03.978Z,2024-06-17T21:43:03.978Z,Good (0x00000000)
2024-06-17T21:44:04.841Z,38.970001220703125,2024-06-17T21:44:04.854Z,2024-06-17T21:44:04.854Z,Good (0x00000000)
2024-06-17T21:45:04.612Z,38.970001220703125,2024-06-17T21:45:04.626Z,2024-06-17T21:45:04.626Z,Good (0x00000000)
2024-06-17T21:46:04.279Z,38.970001220703125,2024-06-17T21:46:04.292Z,2024-06-17T21:46:04.292Z,Good (0x00000000)
2024-06-17T21:47:04.227Z,38.970001220703125,2024-06-17T21:47:04.240Z,2024-06-17T21:47:04.240Z,Good (0x00000000)
2024-06-17T21:48:04.626Z,38.970001220703125,2024-06-17T21:48:04.639Z,2024-06-17T21:48:04.639Z,Good (0x00000000)
2024-06-17T21:49:04.246Z,38.970001220703125,2024-06-17T21:49:04.258Z,2024-06-17T21:49:04.258Z,Good (0x00000000)
2024-06-17T21:50:04.974Z,38.970001220703125,2024-06-17T21:50:04.988Z,2024-06-17T21:50:04.988Z,Good (0x00000000)
2024-06-17T21:51:04.163Z,38.970001220703125,2024-06-17T21:51:04.177Z,2024-06-17T21:51:04.177Z,Good (0x00000000)
2024-06-17T21:52:04.327Z,38.970001220703125,2024-06-17T21:52:04.341Z,2024-06-17T21:52:04.340Z,Good (0x00000000)
2024-06-17T21:53:04.118Z,38.970001220703125,2024-06-17T21:53:04.131Z,2024-06-17T21:53:04.131Z,Good (0x00000000)
2024-06-17T21:54:04.580Z,38.970001220703125,2024-06-17T21:54:04.594Z,2024-06-17T21:54:04.594Z,Good (0x00000000)
2024-06-17T21:55:05.071Z,38.939998626708984,2024-06-17T21:55:05.083Z,2024-06-17T21:55:05.083Z,Good (0x00000000)
2024-06-17T21:56:04.423Z,38.86000061035156,2024-06-17T21:56:04.435Z,2024-06-17T21:56:04.435Z,Good (0x00000000)
2024-06-17T21:57:04.131Z,38.86000061035156,2024-06-17T21:57:04.148Z,2024-06-17T21:57:04.148Z,Good (0x00000000)
2024-06-17T21:58:04.653Z,38.86000061035156,2024-06-17T21:58:04.671Z,2024-06-17T21:58:04.671Z,Good (0x00000000)
2024-06-17T21:59:04.041Z,38.86000061035156,2024-06-17T21:59:04.054Z,2024-06-17T21:59:04.053Z,Good (0x00000000)
2024-06-17T22:00:06.283Z,38.86000061035156,2024-06-17T22:00:06.298Z,2024-06-17T22:00:06.298Z,Good (0x00000000)
2024-06-17T22:01:05.225Z,38.86000061035156,2024-06-17T22:01:05.237Z,2024-06-17T22:01:05.237Z,Good (0x00000000)
2024-06-17T22:02:04.328Z,38.86000061035156,2024-06-17T22:02:04.348Z,2024-06-17T22:02:04.348Z,Good (0x00000000)
2024-06-17T22:03:04.433Z,38.83000183105469,2024-06-17T22:03:04.446Z,2024-06-17T22:03:04.446Z,Good (0x00000000)
2024-06-17T22:04:04.127Z,38.75,2024-06-17T22:04:04.139Z,2024-06-17T22:04:04.139Z,Good (0x00000000)
2024-06-17T22:05:04.315Z,38.75,2024-06-17T22:05:04.326Z,2024-06-17T22:05:04.326Z,Good (0x00000000)
2024-06-17T22:06:04.802Z,38.75,2024-06-17T22:06:04.814Z,2024-06-17T22:06:04.814Z,Good (0x00000000)
2024-06-17T22:07:04.494Z,38.75,2024-06-17T22:07:04.507Z,2024-06-17T22:07:04.507Z,Good (0x00000000)
2024-06-17T22:08:04.593Z,38.75,2024-06-17T22:08:04.605Z,2024-06-17T22:08:04.605Z,Good (0x00000000)
2024-06-17T22:09:04.378Z,38.630001068115234,2024-06-17T22:09:04.391Z,2024-06-17T22:09:04.391Z,Good (0x00000000)
2024-06-17T22:10:05.134Z,38.630001068115234,2024-06-17T22:10:05.147Z,2024-06-17T22:10:05.146Z,Good (0x00000000)
2024-06-17T22:11:04.336Z,38.630001068115234,2024-06-17T22:11:04.350Z,2024-06-17T22:11:04.350Z,Good (0x00000000)
2024-06-17T22:12:04.778Z,38.5,2024-06-17T22:12:04.790Z,2024-06-17T22:12:04.790Z,Good (0x00000000)
2024-06-17T22:13:04.671Z,38.38999938964844,2024-06-17T22:13:04.684Z,2024-06-17T22:13:04.684Z,Good (0x00000000)
2024-06-17T22:14:04.199Z,38.279998779296875,2024-06-17T22:14:04.211Z,2024-06-17T22:14:04.211Z,Good (0x00000000)
2024-06-17T22:15:04.383Z,38.25,2024-06-17T22:15:04.395Z,2024-06-17T22:15:04.395Z,Good (0x00000000)
2024-06-17T22:16:04.565Z,38.15999984741211,2024-06-17T22:16:04.580Z,2024-06-17T22:16:04.580Z,Good (0x00000000)
2024-06-17T22:17:04.364Z,38.04999923706055,2024-06-17T22:17:04.377Z,2024-06-17T22:17:04.377Z,Good (0x00000000)
2024-06-17T22:18:04.092Z,37.939998626708984,2024-06-17T22:18:04.107Z,2024-06-17T22:18:04.107Z,Good (0x00000000)
2024-06-17T22:19:04.199Z,37.939998626708984,2024-06-17T22:19:04.211Z,2024-06-17T22:19:04.211Z,Good (0x00000000)
2024-06-17T22:20:04.080Z,37.83000183105469,2024-06-17T22:20:04.092Z,2024-06-17T22:20:04.092Z,Good (0x00000000)
2024-06-17T22:21:04.348Z,37.83000183105469,2024-06-17T22:21:04.362Z,2024-06-17T22:21:04.362Z,Good (0x00000000)
2024-06-17T22:22:04.152Z,37.70000076293945,2024-06-17T22:22:04.164Z,2024-06-17T22:22:04.164Z,Good (0x00000000)
2024-06-17T22:23:04.230Z,37.70000076293945,2024-06-17T22:23:04.242Z,2024-06-17T22:23:04.242Z,Good (0x00000000)
2024-06-17T22:24:04.756Z,37.58000183105469,2024-06-17T22:24:04.769Z,2024-06-17T22:24:04.769Z,Good (0x00000000)
2024-06-17T22:25:03.966Z,37.470001220703125,2024-06-17T22:25:03.978Z,2024-06-17T22:25:03.978Z,Good (0x00000000)
2024-06-17T22:26:05.092Z,37.470001220703125,2024-06-17T22:26:05.114Z,2024-06-17T22:26:05.114Z,Good (0x00000000)
2024-06-17T22:27:04.299Z,37.36000061035156,2024-06-17T22:27:04.314Z,2024-06-17T22:27:04.314Z,Good (0x00000000)
2024-06-17T22:28:04.552Z,37.36000061035156,2024-06-17T22:28:04.564Z,2024-06-17T22:28:04.564Z,Good (0x00000000)
2024-06-17T22:29:04.643Z,37.22999954223633,2024-06-17T22:29:04.656Z,2024-06-17T22:29:04.656Z,Good (0x00000000)
2024-06-17T22:30:04.617Z,37.22999954223633,2024-06-17T22:30:04.630Z,2024-06-17T22:30:04.629Z,Good (0x00000000)
2024-06-17T22:31:04.478Z,37.22999954223633,2024-06-17T22:31:04.490Z,2024-06-17T22:31:04.490Z,Good (0x00000000)
2024-06-17T22:32:04.248Z,37.11000061035156,2024-06-17T22:32:04.260Z,2024-06-17T22:32:04.260Z,Good (0x00000000)
2024-06-17T22:33:03.882Z,37.11000061035156,2024-06-17T22:33:03.894Z,2024-06-17T22:33:03.894Z,Good (0x00000000)
2024-06-17T22:34:04.666Z,37.11000061035156,2024-06-17T22:34:04.678Z,2024-06-17T22:34:04.678Z,Good (0x00000000)
2024-06-17T22:35:04.651Z,37.11000061035156,2024-06-17T22:35:04.664Z,2024-06-17T22:35:04.664Z,Good (0x00000000)
2024-06-17T22:36:04.477Z,37,2024-06-17T22:36:04.490Z,2024-06-17T22:36:04.490Z,Good (0x00000000)
2024-06-17T22:37:04.627Z,37,2024-06-17T22:37:04.640Z,2024-06-17T22:37:04.640Z,Good (0x00000000)
2024-06-17T22:38:03.950Z,37,2024-06-17T22:38:03.963Z,2024-06-17T22:38:03.963Z,Good (0x00000000)
2024-06-17T22:39:05.329Z,37,2024-06-17T22:39:05.343Z,2024-06-17T22:39:05.343Z,Good (0x00000000)
2024-06-17T22:40:04.560Z,37,2024-06-17T22:40:04.573Z,2024-06-17T22:40:04.572Z,Good (0x00000000)
2024-06-17T22:41:04.155Z,37,2024-06-17T22:41:04.167Z,2024-06-17T22:41:04.167Z,Good (0x00000000)
2024-06-17T22:42:04.374Z,37,2024-06-17T22:42:04.387Z,2024-06-17T22:42:04.387Z,Good (0x00000000)
2024-06-17T22:43:05.021Z,36.90999984741211,2024-06-17T22:43:05.034Z,2024-06-17T22:43:05.034Z,Good (0x00000000)
2024-06-17T22:44:04.439Z,36.88999938964844,2024-06-17T22:44:04.452Z,2024-06-17T22:44:04.451Z,Good (0x00000000)
2024-06-17T22:45:04.553Z,36.88999938964844,2024-06-17T22:45:04.566Z,2024-06-17T22:45:04.566Z,Good (0x00000000)
2024-06-17T22:46:04.698Z,36.88999938964844,2024-06-17T22:46:04.710Z,2024-06-17T22:46:04.710Z,Good (0x00000000)
2024-06-17T22:47:04.285Z,36.88999938964844,2024-06-17T22:47:04.298Z,2024-06-17T22:47:04.298Z,Good (0x00000000)
2024-06-17T22:48:04.266Z,36.88999938964844,2024-06-17T22:48:04.278Z,2024-06-17T22:48:04.278Z,Good (0x00000000)
2024-06-17T22:49:04.060Z,36.88999938964844,2024-06-17T22:49:04.072Z,2024-06-17T22:49:04.072Z,Good (0x00000000)
2024-06-17T22:50:04.594Z,36.88999938964844,2024-06-17T22:50:04.611Z,2024-06-17T22:50:04.611Z,Good (0x00000000)
2024-06-17T22:51:03.888Z,36.88999938964844,2024-06-17T22:51:03.900Z,2024-06-17T22:51:03.900Z,Good (0x00000000)
2024-06-17T22:52:04.845Z,36.88999938964844,2024-06-17T22:52:04.859Z,2024-06-17T22:52:04.859Z,Good (0x00000000)
2024-06-17T22:53:04.769Z,36.970001220703125,2024-06-17T22:53:04.783Z,2024-06-17T22:53:04.783Z,Good (0x00000000)
2024-06-17T22:54:04.414Z,37,2024-06-17T22:54:04.426Z,2024-06-17T22:54:04.426Z,Good (0x00000000)
2024-06-17T22:55:04.312Z,37,2024-06-17T22:55:04.327Z,2024-06-17T22:55:04.327Z,Good (0x00000000)
2024-06-17T22:56:04.485Z,37,2024-06-17T22:56:04.498Z,2024-06-17T22:56:04.498Z,Good (0x00000000)
2024-06-17T22:57:04.662Z,37,2024-06-17T22:57:04.674Z,2024-06-17T22:57:04.674Z,Good (0x00000000)
2024-06-17T22:58:04.406Z,37,2024-06-17T22:58:04.428Z,2024-06-17T22:58:04.428Z,Good (0x00000000)
2024-06-17T22:59:04.237Z,37,2024-06-17T22:59:04.251Z,2024-06-17T22:59:04.251Z,Good (0x00000000)
2024-06-17T23:00:05.723Z,37.11000061035156,2024-06-17T23:00:05.737Z,2024-06-17T23:00:05.737Z,Good (0x00000000)
